1100.0,0.0,0.0,1100.0,86.4,65.87047846577762,69.02050113895216,55.700325732899024,1100.0,0.0
1200.0,0.0,0.0,1200.0,87.1,67.19226856561548,70.20785219399538,57.00000000000001,1200.0,0.0
1300.0,0.0,0.0,1300.0,88.3,70.07213383127846,72.97921478060047,60.33898305084746,1300.0,0.0
1400.0,0.0,0.0,1400.0,87.7,68.11290623638965,71.32867132867133,58.020477815699664,1400.0,0.0
1500.0,0.0,0.0,1500.0,87.3,67.33169391597814,70.66974595842956,57.239057239057246,1500.0,0.0
1600.0,0.0,0.0,1600.0,87.2,67.21311475409837,70.16317016317016,57.333333333333336,1600.0,0.0
1700.0,0.0,0.0,1700.0,87.6,68.52903703929303,71.2962962962963,59.07590759075908,1700.0,0.0
1800.0,0.0,0.0,1800.0,87.9,69.46449300964012,72.56235827664399,60.32786885245902,1800.0,0.0
1900.0,0.0,0.0,1900.0,88.2,70.05182556964982,73.0593607305936,61.05610561056106,1900.0,0.0
2000.0,0.0,0.0,2000.0,88.2,70.26149720760499,73.12072892938495,61.43790849673203,2000.0,0.0
2100.0,0.0,0.0,2100.0,87.6,68.52903703929303,71.49425287356323,59.07590759075908,2100.0,0.0
2200.0,0.0,0.0,2200.0,86.9,66.99087839540393,70.29478458049886,57.60517799352751,2200.0,0.0
2300.0,0.0,0.0,2300.0,86.6,65.8678730081102,69.19540229885057,55.92105263157895,2300.0,0.0
2400.0,0.0,0.0,2400.0,87.3,67.96197818387303,70.3962703962704,58.496732026143796,2400.0,0.0
2500.0,0.0,0.0,2500.0,87.9,69.46449300964012,71.86046511627907,60.32786885245902,2500.0,0.0
2600.0,0.0,0.0,2600.0,88.4,70.35901367062732,73.08584686774942,60.67796610169493,2600.0,0.0
2700.0,0.0,0.0,2700.0,88.8,70.71864803814941,73.01204819277109,60.56338028169015,2700.0,0.0
2800.0,0.0,0.0,2800.0,88.6,69.82514465402147,71.92118226600985,59.43060498220641,2800.0,0.0
2900.0,0.0,0.0,2900.0,88.7,70.4516452942284,72.50608272506082,60.62717770034845,2900.0,0.0
3000.0,0.0,0.0,3000.0,88.9,70.73000938749249,73.12348668280873,60.63829787234043,3000.0,0.0
3100.0,0.0,0.0,3100.0,89.5,72.31217104222263,74.7596153846154,62.76595744680852,3100.0,0.0
3200.0,0.0,0.0,3200.0,89.8,73.5344026818472,76.05633802816902,64.45993031358887,3200.0,0.0
3300.0,0.0,0.0,3300.0,90.2,75.25252525252527,77.52293577981652,67.33333333333334,3300.0,0.0
3400.0,0.0,0.0,3400.0,90.3,75.47284312733893,77.95454545454545,67.55852842809365,3400.0,0.0
3500.0,0.0,0.0,3500.0,89.8,73.81822662121648,76.3888888888889,65.30612244897961,3500.0,0.0
3600.0,0.0,0.0,3600.0,89.9,74.11902175027163,76.62037037037038,65.87837837837839,3600.0,0.0
3700.0,0.0,0.0,3700.0,89.3,73.00733595019224,75.40229885057472,65.03267973856211,3700.0,0.0
3800.0,0.0,0.0,3800.0,89.4,73.33789439793948,75.57603686635946,65.35947712418302,3800.0,0.0
3900.0,0.015625,0.0,3900.0,89.1,72.57668464696884,75.11415525114155,64.61038961038962,3900.0,0.0
4000.0,0.015625,0.0,4000.0,89.0,72.49889995599825,74.77064220183487,64.74358974358975,4000.0,0.0
4100.0,0.015625,0.0,4100.0,88.8,71.70859856522179,73.20574162679426,63.870967741935495,4100.0,0.0
4200.0,0.015625,0.0,4200.0,89.0,71.5909090909091,72.636815920398,63.33333333333334,4200.0,0.0
4300.0,0.015625,0.0,4300.0,89.0,71.01647844943429,71.9387755102041,62.45733788395905,4300.0,0.0
4400.0,0.015625,0.0,4400.0,89.1,71.09581340093555,72.1938775510204,62.54295532646049,4400.0,0.0
4500.0,0.015625,0.0,4500.0,89.4,71.25236625570206,72.10526315789474,62.00716845878137,4500.0,0.0
4600.0,0.015625,0.0,4600.0,89.60000000000001,71.69236129257034,72.55936675461741,62.318840579710155,4600.0,0.0
4700.0,0.015625,0.0,4700.0,89.7,71.7582285006087,72.75132275132276,62.271062271062284,4700.0,0.0
4800.0,0.015625,0.0,4800.0,89.2,70.96540043551899,72.37851662404093,61.8374558303887,4800.0,0.0
4900.0,0.015625,0.0,4900.0,89.4,70.83874375508947,72.10526315789474,61.3138686131387,4900.0,0.0
5000.0,0.015625,0.0,5000.0,88.9,69.51386981598462,70.94240837696336,59.63636363636364,5000.0,0.0
5100.0,0.015625,0.0,5100.0,88.4,68.55345911949685,70.55837563451777,58.57142857142858,5100.0,0.0
5200.0,0.015625,0.0,5200.0,88.4,68.95955644276518,71.42857142857143,59.01060070671379,5200.0,0.0
5300.0,0.015625,0.0,5300.0,88.1,68.1937242743358,71.5311004784689,57.95053003533569,5300.0,0.0
5400.0,0.015625,0.0,5400.0,88.3,68.97901178267279,72.07637231503581,59.09090909090909,5400.0,0.0
5500.0,0.015625,0.0,5500.0,88.5,70.3913491246138,73.13084112149532,61.66666666666668,5500.0,0.0
5600.0,0.015625,0.0,5600.0,88.1,70.02669890685608,72.38979118329468,61.61290322580646,5600.0,0.0
5700.0,0.015625,0.0,5700.0,88.6,71.16799951440842,73.85321100917432,62.86644951140066,5700.0,0.0
5800.0,0.015625,0.0,5800.0,88.6,70.95082535330423,73.73271889400922,62.376237623762385,5800.0,0.0
5900.0,0.015625,0.0,5900.0,87.9,69.28310316815598,72.43735763097949,60.32786885245902,5900.0,0.0
6000.0,0.015625,0.0,6000.0,87.8,68.62139917695474,72.01834862385321,59.333333333333336,6000.0,0.0
6100.0,0.015625,0.0,6100.0,88.5,70.64409410227087,73.86363636363636,61.79401993355482,6100.0,0.0
6200.0,0.015625,0.0,6200.0,88.4,70.15278685487564,73.0232558139535,61.20401337792642,6200.0,0.0
6300.0,0.015625,0.0,6300.0,88.5,70.36785092194634,72.81323877068559,61.40939597315437,6300.0,0.0
6400.0,0.015625,0.0,6400.0,88.5,70.13390399218807,72.28915662650603,60.88435374149661,6400.0,0.0
6500.0,0.015625,0.0,6500.0,88.4,69.62205648202465,71.98067632850243,60.27397260273973,6500.0,0.0
6600.0,0.015625,0.0,6600.0,88.4,68.72843340234644,71.56862745098039,58.865248226950364,6600.0,0.0
6700.0,0.015625,0.0,6700.0,87.5,67.52065686223563,69.95192307692308,58.05369127516779,6700.0,0.0
6800.0,0.015625,0.0,6800.0,87.4,67.4586776859504,70.07125890736341,58.00000000000001,6800.0,0.0
6900.0,0.015625,0.0,6900.0,87.3,67.88874841972188,69.76190476190477,59.03225806451614,6900.0,0.0
7000.0,0.015625,0.0,7000.0,88.3,70.66610506047294,72.00956937799043,62.500000000000014,7000.0,0.0
7100.0,0.015625,0.0,7100.0,87.7,68.27967526639917,69.4789081885856,59.13621262458473,7100.0,0.0
7200.0,0.015625,0.0,7200.0,87.8,68.88834485994654,70.81339712918661,60.13071895424837,7200.0,0.0
7300.0,0.015625,0.0,7300.0,87.7,68.7261632341724,70.50359712230217,59.80392156862746,7300.0,0.0
7400.0,0.015625,0.0,7400.0,87.3,68.12601017959864,70.04716981132076,59.554140127388536,7400.0,0.0
7500.0,0.015625,0.0,7500.0,87.1,68.04621161829837,70.20785219399538,59.56112852664576,7500.0,0.0
7600.0,0.015625,0.0,7600.0,87.2,68.99149688703699,71.61862527716187,61.09422492401215,7600.0,0.0
7700.0,0.015625,0.0,7700.0,88.2,70.7508117889101,73.24263038548753,62.53968253968254,7700.0,0.0
7800.0,0.015625,0.0,7800.0,88.4,70.78733177532438,73.51598173515981,62.337662337662344,7800.0,0.0
7900.0,0.015625,0.0,7900.0,88.6,70.86976741809039,73.85321100917432,62.12624584717609,7900.0,0.0
8000.0,0.015625,0.0,8000.0,87.8,69.08433893700807,72.14611872146118,60.26058631921825,8000.0,0.0
8100.0,0.015625,0.0,8100.0,88.6,71.21328431174497,74.49664429530202,62.7450980392157,8100.0,0.0
8200.0,0.015625,0.0,8200.0,88.2,70.02702647782002,72.42990654205607,61.43790849673203,8200.0,0.0
8300.0,0.015625,0.0,8300.0,88.0,69.70079535412196,71.96261682242991,61.414790996784575,8300.0,0.0
8400.0,0.015625,0.0,8400.0,87.9,69.27405511371138,71.25890736342043,60.841423948220076,8400.0,0.0
8500.0,0.015625,0.0,8500.0,88.2,70.41242076546578,72.23529411764706,62.42038216560509,8500.0,0.0
8600.0,0.015625,0.0,8600.0,88.0,69.71410111452109,70.94430992736078,61.53846153846154,8600.0,0.0
8700.0,0.015625,0.0,8700.0,87.0,67.68307537798371,69.41176470588235,59.50155763239875,8700.0,0.0
8800.0,0.015625,0.0,8800.0,86.9,67.6792199589452,69.03073286052009,59.5679012345679,8800.0,0.0
8900.0,0.015625,0.0,8900.0,87.1,68.01705756929638,69.5754716981132,59.813084112149525,8900.0,0.0
9000.0,0.015625,0.0,9000.0,87.2,68.05111821086261,70.02341920374707,59.49367088607595,9000.0,0.0
9100.0,0.015625,0.0,9100.0,86.5,66.99492455284233,68.89400921658986,58.96656534954406,9100.0,0.0
9200.0,0.015625,0.0,9200.0,87.3,68.59793488151283,71.00456621004567,60.188087774294665,9200.0,0.0
9300.0,0.015625,0.0,9300.0,88.1,70.41008145930516,71.93396226415095,62.101910828025474,9300.0,0.0
9400.0,0.015625,0.0,9400.0,88.1,70.51916006857391,72.64367816091955,62.101910828025474,9400.0,0.0
9500.0,0.015625,0.0,9500.0,87.8,69.40592321388269,71.88940092165899,60.517799352750814,9500.0,0.0
9600.0,0.015625,0.0,9600.0,87.8,69.2763316947377,71.6279069767442,60.3896103896104,9600.0,0.0
9700.0,0.015625,0.0,9700.0,87.8,69.19316391256919,71.29411764705883,60.13071895424837,9700.0,0.0
9800.0,0.015625,0.0,9800.0,87.9,69.4869777481894,71.39479905437352,60.586319218241044,9800.0,0.0
9900.0,0.015625,0.0,9900.0,88.1,70.25446183072539,72.32558139534883,61.61290322580646,9900.0,0.0
10000.0,0.015625,0.0,10000.0,87.8,69.09843415180268,71.29411764705883,59.735973597359745,10000.0,0.0
10100.0,0.015625,0.0,10100.0,88.5,70.86217555665914,72.74881516587678,61.53846153846154,10100.0,0.0
10200.0,0.015625,0.0,10200.0,88.2,70.1417004048583,71.4975845410628,60.66666666666668,10200.0,0.0
10300.0,0.015625,0.0,10300.0,87.8,69.61924446547302,71.6279069767442,60.26058631921825,10300.0,0.0
10400.0,0.015625,0.0,10400.0,88.7,71.68061751290664,73.15914489311164,62.582781456953654,10400.0,0.0
10500.0,0.015625,0.0,10500.0,89.0,72.24801194849232,73.42995169082126,62.83783783783785,10500.0,0.0
10600.0,0.015625,0.0,10600.0,89.1,72.52858035768294,74.10926365795724,63.17567567567569,10600.0,0.0
10700.0,0.015625,0.0,10700.0,89.3,72.92126414674145,74.82352941176471,63.85135135135136,10700.0,0.0
10800.0,0.015625,0.0,10800.0,89.3,72.72912631257009,74.64454976303318,63.481228668941995,10800.0,0.0
10900.0,0.015625,0.0,10900.0,89.0,72.19821158677445,74.23887587822014,62.962962962962976,10900.0,0.0
11000.0,0.015625,0.0,11000.0,89.60000000000001,73.79032258064517,75.11961722488039,65.33333333333334,11000.0,0.0
11100.0,0.015625,0.0,11100.0,89.7,73.72475791063357,74.87804878048782,65.31986531986533,11100.0,0.0
11200.0,0.015625,0.0,11200.0,89.9,74.11053009330463,75.4854368932039,65.76271186440678,11200.0,0.0
11300.0,0.015625,0.0,11300.0,89.60000000000001,72.79352904552377,74.69586374695865,64.01384083044984,11300.0,0.0
11400.0,0.015625,0.0,11400.0,88.9,70.95183762338927,73.38129496402878,61.8556701030928,11400.0,0.0
11500.0,0.015625,0.0,11500.0,88.5,70.01772864740849,72.22222222222223,61.016949152542374,11500.0,0.0
11600.0,0.015625,0.0,11600.0,88.2,69.5378530898427,71.70263788968826,60.79734219269104,11600.0,0.0
11700.0,0.015625,0.0,11700.0,88.2,69.28107297567477,71.4975845410628,60.135135135135144,11700.0,0.0
11800.0,0.015625,0.0,11800.0,88.2,69.3587672876277,71.4975845410628,60.26936026936027,11800.0,0.0
11900.0,0.015625,0.0,11900.0,87.9,68.97435897435898,70.4156479217604,59.66666666666668,11900.0,0.0
12000.0,0.015625,0.0,12000.0,88.1,70.11852149457613,71.11650485436894,61.363636363636374,12000.0,0.0
12100.0,0.015625,0.0,12100.0,87.8,69.40592321388269,71.09004739336493,60.517799352750814,12100.0,0.0
12200.0,0.015625,0.0,12200.0,87.2,68.4111291540599,69.95305164319248,59.62145110410094,12200.0,0.0
12300.0,0.015625,0.0,12300.0,87.8,69.65913782212297,70.74340527577938,60.77170418006431,12300.0,0.0
12400.0,0.015625,0.0,12400.0,87.9,69.9465495658394,70.70217917675545,61.21794871794872,12400.0,0.0
12500.0,0.015625,0.0,12500.0,87.8,69.74806585994841,70.53140096618358,61.146496815286625,12500.0,0.0
12600.0,0.015625,0.0,12600.0,88.1,70.28061097070018,71.32530120481928,61.23778501628665,12600.0,0.0
12700.0,0.015625,0.0,12700.0,88.2,70.47401713507887,71.28953771289538,61.184210526315795,12700.0,0.0
12800.0,0.015625,0.0,12800.0,88.3,70.73624603563675,71.875,61.25827814569538,12800.0,0.0
12900.0,0.015625,0.0,12900.0,88.8,71.23366483110051,72.27722772277228,61.643835616438366,12900.0,0.0
13000.0,0.015625,0.0,13000.0,88.2,69.42102071596274,71.63461538461539,59.45017182130585,13000.0,0.0
13100.0,0.015625,0.0,13100.0,87.9,68.60958626915853,70.34313725490196,58.4192439862543,13100.0,0.0
13200.0,0.015625,0.0,13200.0,88.5,69.99551237228525,72.28915662650603,59.93031358885018,13200.0,0.0
13300.0,0.015625,0.0,13300.0,88.1,69.42226059428735,72.19626168224299,59.52380952380953,13300.0,0.0
13400.0,0.015625,0.0,13400.0,88.1,69.56054637540288,72.51732101616629,59.66101694915255,13400.0,0.0
13500.0,0.015625,0.0,13500.0,88.3,69.70324719042934,72.79069767441861,59.65517241379311,13500.0,0.0
13600.0,0.015625,0.0,13600.0,88.7,70.94577916735231,73.41176470588235,61.30136986301371,13600.0,0.0
13700.0,0.015625,0.0,13700.0,89.1,71.55205712555721,74.04761904761905,61.888111888111894,13700.0,0.0
13800.0,0.015625,0.0,13800.0,88.9,70.74882995319813,72.66009852216749,60.91549295774649,13800.0,0.0
13900.0,0.015625,0.0,13900.0,88.3,69.58131408723143,72.40566037735849,59.7938144329897,13900.0,0.0
14000.0,0.03125,0.0,14000.0,88.5,70.60267081126405,72.68408551068885,61.27946127946129,14000.0,0.0
14100.0,0.03125,0.0,14100.0,88.2,70.3092368467403,72.99771167048056,61.31147540983607,14100.0,0.0
14200.0,0.03125,0.0,14200.0,88.0,69.81648422408242,72.5400457665904,60.7843137254902,14200.0,0.0
14300.0,0.03125,0.0,14300.0,88.3,69.88261943986821,72.00956937799043,60.33898305084746,14300.0,0.0
14400.0,0.03125,0.0,14400.0,88.6,70.68579804057703,72.59615384615385,61.35593220338984,14400.0,0.0
14500.0,0.03125,0.0,14500.0,88.8,71.66895170062178,73.70892018779344,62.79069767441862,14500.0,0.0
14600.0,0.03125,0.0,14600.0,88.7,71.17376353302518,73.72093023255815,61.95286195286196,14600.0,0.0
14700.0,0.03125,0.0,14700.0,88.3,70.52183903412413,72.72727272727273,61.51315789473685,14700.0,0.0
14800.0,0.03125,0.0,14800.0,87.8,69.82588049070043,72.52252252252251,61.392405063291136,14800.0,0.0
14900.0,0.03125,0.0,14900.0,88.3,70.69872276483848,73.10344827586206,62.25806451612904,14900.0,0.0
15000.0,0.03125,0.0,15000.0,87.9,68.75677797172102,72.05542725173211,59.39597315436242,15000.0,0.0
15100.0,0.03125,0.0,15100.0,88.1,68.94993372506862,71.93396226415095,59.38566552901025,15100.0,0.0
15200.0,0.03125,0.0,15200.0,88.1,68.82825679229666,71.73396674584323,59.52380952380953,15200.0,0.0
15300.0,0.03125,0.0,15300.0,87.9,69.26062921713682,72.24770642201835,60.71428571428572,15300.0,0.0
15400.0,0.03125,0.0,15400.0,87.8,68.51905371371952,71.75925925925927,59.60264900662252,15400.0,0.0
15500.0,0.03125,0.0,15500.0,87.6,67.4275657359006,70.96018735362998,57.96610169491526,15500.0,0.0
15600.0,0.03125,0.0,15600.0,87.2,65.92844974446336,69.23076923076923,55.86206896551724,15600.0,0.0
15700.0,0.03125,0.0,15700.0,87.2,65.47482899251234,69.08212560386474,55.244755244755254,15700.0,0.0
15800.0,0.03125,0.0,15800.0,87.7,65.4354570388022,68.78172588832487,54.275092936802984,15800.0,0.0
15900.0,0.03125,0.0,15900.0,87.7,65.57244900244072,69.09547738693468,54.779411764705884,15900.0,0.0
16000.0,0.03125,0.0,16000.0,88.0,67.09660436957094,70.37037037037037,56.52173913043479,16000.0,0.0
16100.0,0.03125,0.0,16100.0,88.1,67.82983877072138,70.47146401985111,57.19424460431656,16100.0,0.0
16200.0,0.03125,0.0,16200.0,88.1,68.26734363000256,71.1864406779661,57.95053003533569,16200.0,0.0
16300.0,0.03125,0.0,16300.0,88.3,68.3585383267346,71.60194174757282,57.76173285198557,16300.0,0.0
16400.0,0.03125,0.0,16400.0,88.0,68.12308738524311,71.29186602870814,57.74647887323944,16400.0,0.0
16500.0,0.03125,0.0,16500.0,87.9,67.83283709059974,70.8433734939759,57.54385964912281,16500.0,0.0
16600.0,0.03125,0.0,16600.0,88.4,69.59849040779955,72.18225419664269,60.00000000000001,16600.0,0.0
16700.0,0.03125,0.0,16700.0,88.5,70.42941630239137,72.87735849056605,61.40939597315437,16700.0,0.0
16800.0,0.03125,0.0,16800.0,88.9,72.17124462228107,74.77272727272727,63.84364820846906,16800.0,0.0
16900.0,0.03125,0.0,16900.0,88.7,71.52963940902588,73.47417840375587,62.82894736842106,16900.0,0.0
17000.0,0.03125,0.0,17000.0,89.1,72.15552035967916,73.86091127098322,63.54515050167225,17000.0,0.0
17100.0,0.03125,0.0,17100.0,88.7,70.82244554383864,72.83653846153847,62.08053691275168,17100.0,0.0
17200.0,0.03125,0.0,17200.0,88.6,70.63429913860611,72.39709443099274,61.48648648648649,17200.0,0.0
17300.0,0.03125,0.0,17300.0,88.3,69.78961175777982,71.32352941176471,60.73825503355705,17300.0,0.0
17400.0,0.03125,0.0,17400.0,89.0,70.86802686497595,72.36180904522614,61.53846153846154,17400.0,0.0
17500.0,0.03125,0.0,17500.0,88.7,69.98353078680339,71.8905472636816,60.62717770034845,17500.0,0.0
17600.0,0.03125,0.0,17600.0,88.9,69.64160686154385,72.31920199501248,60.21505376344087,17600.0,0.0
17700.0,0.03125,0.0,17700.0,88.7,69.08074031105322,71.8905472636816,59.35251798561152,17700.0,0.0
17800.0,0.03125,0.0,17800.0,88.0,67.26534709643629,70.1492537313433,57.446808510638306,17800.0,0.0
17900.0,0.03125,0.0,17900.0,88.7,68.62575242664533,71.82044887780549,58.60805860805861,17900.0,0.0
18000.0,0.03125,0.0,18000.0,88.4,67.76703345559632,71.4987714987715,57.664233576642346,18000.0,0.0
18100.0,0.03125,0.0,18100.0,88.5,67.72926254349535,71.60493827160495,57.72058823529412,18100.0,0.0
18200.0,0.03125,0.0,18200.0,88.7,68.14388813712225,72.23587223587225,58.60805860805861,18200.0,0.0
18300.0,0.03125,0.0,18300.0,87.9,66.0112359550562,70.34313725490196,56.00000000000001,18300.0,0.0
18400.0,0.03125,0.0,18400.0,87.6,65.44112728813182,69.38271604938272,55.39568345323741,18400.0,0.0
18500.0,0.03125,0.0,18500.0,88.7,68.27518052264534,71.39240506329114,58.302583025830266,18500.0,0.0
18600.0,0.03125,0.0,18600.0,88.5,68.17930271167681,70.51282051282051,58.18181818181819,18600.0,0.0
18700.0,0.03125,0.0,18700.0,88.6,68.43154630039875,70.99236641221374,58.69565217391305,18700.0,0.0
18800.0,0.03125,0.0,18800.0,88.9,69.28610957387936,71.68367346938776,59.63636363636364,18800.0,0.0
18900.0,0.03125,0.0,18900.0,88.0,68.53779397498755,70.6601466992665,59.86622073578596,18900.0,0.0
19000.0,0.03125,0.0,19000.0,88.2,69.78882903549557,71.4975845410628,61.43790849673203,19000.0,0.0
19100.0,0.03125,0.0,19100.0,88.7,71.04850528300727,72.9665071770335,62.582781456953654,19100.0,0.0
19200.0,0.03125,0.0,19200.0,87.3,67.28861231596625,68.40796019900498,57.52508361204014,19200.0,0.0
19300.0,0.03125,0.0,19300.0,88.0,69.18731544485814,70.1492537313433,59.86622073578596,19300.0,0.0
19400.0,0.03125,0.0,19400.0,87.9,69.4869777481894,70.4156479217604,60.586319218241044,19400.0,0.0
19500.0,0.03125,0.0,19500.0,87.4,68.43940365501764,69.92840095465394,59.61538461538463,19500.0,0.0
19600.0,0.03125,0.0,19600.0,86.7,67.32861031138536,69.35483870967742,58.69565217391304,19600.0,0.0
19700.0,0.03125,0.0,19700.0,87.0,68.1367863252891,70.04608294930877,59.50155763239875,19700.0,0.0
19800.0,0.03125,0.0,19800.0,87.3,68.18254699963924,69.90521327014218,58.89967637540454,19800.0,0.0
19900.0,0.03125,0.0,19900.0,87.1,67.32953106480404,69.5754716981132,57.84313725490197,19900.0,0.0
20000.0,0.03125,0.0,20000.0,86.6,65.30600620349321,67.71084337349397,55.183946488294325,20000.0,0.0
20100.0,0.03125,0.0,20100.0,86.7,65.17595307917887,67.1604938271605,54.91525423728814,20100.0,0.0
20200.0,0.03125,0.0,20200.0,87.5,67.52065686223563,70.30878859857482,58.05369127516779,20200.0,0.0
20300.0,0.03125,0.0,20300.0,87.6,67.55353666450358,70.4057279236277,57.82312925170069,20300.0,0.0
20400.0,0.03125,0.0,20400.0,87.8,67.46874866675199,70.09803921568628,57.34265734265735,20400.0,0.0
20500.0,0.03125,0.0,20500.0,87.5,66.78252920480033,69.51219512195122,56.2937062937063,20500.0,0.0
20600.0,0.03125,0.0,20600.0,87.3,65.29106313200327,68.09045226130654,53.81818181818182,20600.0,0.0
20700.0,0.03125,0.0,20700.0,87.1,64.29204127729305,66.58031088082902,51.865671641791046,20700.0,0.0
20800.0,0.03125,0.0,20800.0,87.5,65.60074852771203,68.11224489795919,53.70370370370371,20800.0,0.0
20900.0,0.03125,0.0,20900.0,88.4,67.39448179712622,69.71279373368147,55.038759689922486,20900.0,0.0
21000.0,0.03125,0.0,21000.0,88.1,66.8072477350828,69.01041666666667,54.406130268199234,21000.0,0.0
21100.0,0.03125,0.0,21100.0,88.1,67.19594222075202,69.40874035989717,55.094339622641506,21100.0,0.0
21200.0,0.03125,0.0,21200.0,88.4,67.86774808314497,70.17994858611826,55.72519083969466,21200.0,0.0
21300.0,0.03125,0.0,21300.0,88.1,67.35576184519499,69.25064599483204,54.92424242424243,21300.0,0.0
21400.0,0.03125,0.0,21400.0,87.7,67.19125100026673,69.25,55.27272727272727,21400.0,0.0
21500.0,0.03125,0.0,21500.0,88.2,68.80304143907868,70.20202020202021,57.400722021660656,21500.0,0.0
21600.0,0.03125,0.0,21600.0,89.2,71.82025497450778,73.00000000000001,61.8374558303887,21600.0,0.0
21700.0,0.03125,0.0,21700.0,89.0,71.60850712368368,73.36561743341406,62.068965517241395,21700.0,0.0
21800.0,0.03125,0.0,21800.0,87.8,68.47366000134375,70.60240963855422,58.36177474402731,21800.0,0.0
21900.0,0.03125,0.0,21900.0,88.1,69.11818134634349,70.83333333333334,58.96551724137932,21900.0,0.0
22000.0,0.03125,0.0,22000.0,88.6,70.52145986005452,71.7821782178218,60.82474226804124,22000.0,0.0
22100.0,0.03125,0.0,22100.0,88.9,71.46881618720569,72.66009852216749,62.11604095563141,22100.0,0.0
22200.0,0.03125,0.0,22200.0,89.5,73.00271515550438,73.48484848484848,64.04109589041097,22200.0,0.0
22300.0,0.03125,0.0,22300.0,89.9,74.53636006091105,75.3658536585366,66.55629139072849,22300.0,0.0
22400.0,0.03125,0.0,22400.0,90.10000000000001,74.4199266187794,75.61576354679804,65.86206896551725,22400.0,0.0
22500.0,0.03125,0.0,22500.0,90.3,74.99845351258841,76.22549019607844,66.66666666666667,22500.0,0.0
22600.0,0.03125,0.0,22600.0,90.4,75.45497778164135,76.92307692307693,67.23549488054609,22600.0,0.0
22700.0,0.03125,0.0,22700.0,90.4,75.34314128380043,76.64233576642336,67.12328767123289,22700.0,0.0
22800.0,0.03125,0.0,22800.0,91.10000000000001,77.20170090680875,78.18627450980394,69.31034482758622,22800.0,0.0
22900.0,0.03125,0.0,22900.0,90.60000000000001,76.351606329719,77.34939759036146,68.561872909699,22900.0,0.0
23000.0,0.03125,0.0,23000.0,90.7,76.19681395634548,77.37226277372264,68.25938566552902,23000.0,0.0
23100.0,0.03125,0.0,23100.0,90.0,74.80587930000657,76.41509433962264,66.77740863787378,23100.0,0.0
23200.0,0.03125,0.0,23200.0,89.5,73.46635533856931,75.46728971962618,65.11627906976746,23200.0,0.0
23300.0,0.03125,0.0,23300.0,88.9,72.07968608511923,73.94366197183099,63.36633663366338,23300.0,0.0
23400.0,0.03125,0.0,23400.0,88.8,72.07414314993692,73.45971563981043,63.75404530744338,23400.0,0.0
23500.0,0.03125,0.0,23500.0,88.5,70.91082016310177,72.87735849056605,62.17105263157896,23500.0,0.0
23600.0,0.03125,0.0,23600.0,88.4,70.26494955294889,72.04819277108435,61.073825503355714,23600.0,0.0
23700.0,0.03125,0.0,23700.0,88.3,70.59976479811839,72.91666666666667,61.764705882352956,23700.0,0.0
23800.0,0.03125,0.0,23800.0,88.1,71.1310794550324,73.31838565022422,63.1578947368421,23800.0,0.0
23900.0,0.03125,0.0,23900.0,88.4,71.69779096378781,73.93258426966291,63.63636363636363,23900.0,0.0
24000.0,0.03125,0.0,24000.0,88.3,71.92224622030238,74.28571428571429,64.0,24000.0,0.0
24100.0,0.03125,0.0,24100.0,88.9,73.41470190935132,75.81699346405229,65.95092024539878,24100.0,0.0
24200.0,0.03125,0.0,24200.0,88.8,73.44713134186819,75.43859649122807,66.06060606060606,24200.0,0.0
24300.0,0.03125,0.0,24300.0,89.1,74.03822335702445,76.14879649890591,66.76829268292683,24300.0,0.0
24400.0,0.03125,0.0,24400.0,88.9,73.58601915132593,76.1802575107296,66.46525679758308,24400.0,0.0
24500.0,0.03125,0.0,24500.0,88.4,72.41838457331717,74.89177489177489,64.95468277945619,24500.0,0.0
24600.0,0.03125,0.0,24600.0,87.9,71.38938806393644,74.2004264392324,63.988095238095234,24600.0,0.0
24700.0,0.046875,0.0,24700.0,88.2,71.97043118028239,74.29193899782135,64.67065868263472,24700.0,0.0
24800.0,0.046875,0.0,24800.0,88.5,72.40220782337413,75.0,65.15151515151516,24800.0,0.0
24900.0,0.046875,0.0,24900.0,88.1,71.29071170084438,73.96061269146608,63.82978723404255,24900.0,0.0
25000.0,0.046875,0.0,25000.0,88.6,72.47427310350156,75.0,65.34954407294833,25000.0,0.0
25100.0,0.046875,0.0,25100.0,88.2,71.0892020619769,73.24263038548753,63.35403726708074,25100.0,0.0
25200.0,0.046875,0.0,25200.0,88.3,70.87697638297024,73.34851936218678,62.97468354430379,25200.0,0.0
25300.0,0.046875,0.0,25300.0,88.5,70.56052755534621,73.31786542923435,62.17105263157896,25300.0,0.0
25400.0,0.046875,0.0,25400.0,89.1,71.64264529892294,74.65116279069768,63.05084745762712,25400.0,0.0
25500.0,0.046875,0.0,25500.0,89.0,71.62666886774933,74.17840375586854,63.08724832214766,25500.0,0.0
25600.0,0.046875,0.0,25600.0,88.9,71.14604778838356,73.69668246445498,62.626262626262644,25600.0,0.0
25700.0,0.046875,0.0,25700.0,89.2,71.29125552909153,73.7864077669903,62.500000000000014,25700.0,0.0
25800.0,0.046875,0.0,25800.0,88.7,69.25671999129393,71.8905472636816,59.64285714285715,25800.0,0.0
25900.0,0.046875,0.0,25900.0,88.7,69.1556846346177,72.23587223587225,59.35251798561152,25900.0,0.0
26000.0,0.046875,0.0,26000.0,88.1,67.45361456327673,70.83333333333334,57.347670250896066,26000.0,0.0
26100.0,0.046875,0.0,26100.0,88.1,67.25011008366359,70.83333333333334,56.8840579710145,26100.0,0.0
26200.0,0.046875,0.0,26200.0,88.1,67.39011290145785,70.90464547677261,57.50000000000001,26200.0,0.0
26300.0,0.046875,0.0,26300.0,88.4,67.86258484554646,71.07231920199501,57.81818181818183,26300.0,0.0
26400.0,0.046875,0.0,26400.0,87.5,65.77930113119943,69.21182266009852,55.67375886524823,26400.0,0.0
26500.0,0.046875,0.0,26500.0,87.4,65.24502259073532,69.19315403422983,54.83870967741936,26500.0,0.0
26600.0,0.046875,0.0,26600.0,87.4,65.41369068859694,69.19315403422983,54.83870967741936,26600.0,0.0
26700.0,0.046875,0.0,26700.0,86.8,63.87125027370264,67.8048780487805,52.85714285714286,26700.0,0.0
26800.0,0.046875,0.0,26800.0,87.2,65.26439763580805,69.1566265060241,54.77031802120141,26800.0,0.0
26900.0,0.046875,0.0,26900.0,87.0,65.25754846571989,68.44660194174757,55.32646048109966,26900.0,0.0
27000.0,0.046875,0.0,27000.0,87.2,66.30426198436307,69.4510739856802,56.61016949152543,27000.0,0.0
27100.0,0.046875,0.0,27100.0,87.6,67.51205198071683,70.4057279236277,58.10810810810811,27100.0,0.0
27200.0,0.046875,0.0,27200.0,87.6,67.34229488854243,70.1923076923077,57.82312925170069,27200.0,0.0
27300.0,0.046875,0.0,27300.0,87.0,66.24779312493509,69.48356807511738,56.95364238410596,27300.0,0.0
27400.0,0.046875,0.0,27400.0,88.0,68.944099378882,71.36038186157518,60.00000000000001,27400.0,0.0
27500.0,0.046875,0.0,27500.0,88.7,70.81159270548122,72.77108433734941,62.582781456953654,27500.0,0.0
27600.0,0.046875,0.0,27600.0,88.7,70.67616101642136,72.70531400966183,61.82432432432433,27600.0,0.0
27700.0,0.046875,0.0,27700.0,89.2,71.7785768040806,73.52941176470588,63.01369863013699,27700.0,0.0
27800.0,0.046875,0.0,27800.0,88.6,70.0806248425296,71.712158808933,60.95890410958905,27800.0,0.0
27900.0,0.046875,0.0,27900.0,88.9,70.72475999578015,72.52475247524754,61.458333333333336,27900.0,0.0
28000.0,0.046875,0.0,28000.0,88.9,70.70281569695626,72.18045112781955,61.1888111888112,28000.0,0.0
28100.0,0.046875,0.0,28100.0,87.9,68.69145820180296,69.97518610421837,59.39597315436242,28100.0,0.0
28200.0,0.046875,0.0,28200.0,88.3,69.44850637142261,70.67669172932331,59.7938144329897,28200.0,0.0
28300.0,0.046875,0.0,28300.0,88.1,69.1725817315165,69.87341772151899,59.66101694915255,28300.0,0.0
28400.0,0.046875,0.0,28400.0,87.4,67.47480588138113,67.77493606138107,57.432432432432435,28400.0,0.0
28500.0,0.046875,0.0,28500.0,87.3,67.42353508510922,67.92929292929293,57.52508361204014,28500.0,0.0
28600.0,0.046875,0.0,28600.0,87.5,67.57525135665149,67.61658031088082,57.91245791245792,28600.0,0.0
28700.0,0.046875,0.0,28700.0,87.5,68.21764556318332,69.05940594059406,59.15032679738563,28700.0,0.0
28800.0,0.046875,0.0,28800.0,88.2,70.05182556964982,71.14914425427872,61.05610561056106,28800.0,0.0
28900.0,0.046875,0.0,28900.0,87.8,69.05987674672211,70.53140096618358,60.00000000000001,28900.0,0.0
29000.0,0.046875,0.0,29000.0,88.2,69.03082220542538,70.57356608478803,59.589041095890416,29000.0,0.0
29100.0,0.046875,0.0,29100.0,88.6,69.82035167232314,71.85185185185186,60.278745644599304,29100.0,0.0
29200.0,0.046875,0.0,29200.0,88.5,70.01772864740849,72.48803827751196,61.016949152542374,29200.0,0.0
29300.0,0.046875,0.0,29300.0,89.2,71.68460848727644,73.7864077669903,62.629757785467135,29300.0,0.0
29400.0,0.046875,0.0,29400.0,88.9,71.31664358216362,73.82075471698114,62.500000000000014,29400.0,0.0
29500.0,0.046875,0.0,29500.0,88.9,71.44738602105177,73.82075471698114,62.626262626262644,29500.0,0.0
29600.0,0.046875,0.0,29600.0,88.2,69.93155606745525,72.99771167048056,61.05610561056106,29600.0,0.0
29700.0,0.046875,0.0,29700.0,87.5,67.89570470212351,70.7943925233645,58.4717607973422,29700.0,0.0
29800.0,0.046875,0.0,29800.0,87.2,67.09156258516343,70.23255813953489,57.47508305647842,29800.0,0.0
29900.0,0.046875,0.0,29900.0,87.8,68.60896548530026,71.56177156177156,59.19732441471572,29900.0,0.0
30000.0,0.046875,0.0,30000.0,87.7,68.53801528592037,71.32867132867133,59.13621262458473,30000.0,0.0
30100.0,0.046875,0.0,30100.0,87.6,67.43013238075226,70.61611374407583,57.24137931034483,30100.0,0.0
30200.0,0.046875,0.0,30200.0,87.5,67.21638236713456,70.02398081534771,57.04467353951891,30200.0,0.0
30300.0,0.046875,0.0,30300.0,87.5,67.81668383110195,70.65727699530517,58.333333333333336,30300.0,0.0
30400.0,0.046875,0.0,30400.0,87.9,68.37262794709603,71.59624413145539,58.84353741496599,30400.0,0.0
30500.0,0.046875,0.0,30500.0,88.0,68.76041319560147,72.09302325581396,59.45945945945946,30500.0,0.0
30600.0,0.046875,0.0,30600.0,88.9,71.2450132117507,73.94366197183099,62.37288135593221,30600.0,0.0
30700.0,0.046875,0.0,30700.0,89.1,71.3272585702561,74.41314553990611,62.283737024221466,30700.0,0.0
30800.0,0.046875,0.0,30800.0,89.1,71.02296894938324,73.67149758454107,61.754385964912295,30800.0,0.0
30900.0,0.046875,0.0,30900.0,89.1,71.47522793648136,73.86091127098322,62.54295532646049,30900.0,0.0
31000.0,0.046875,0.0,31000.0,89.0,71.81322933269104,74.35897435897436,63.210702341137136,31000.0,0.0
31100.0,0.046875,0.0,31100.0,90.10000000000001,74.51606260296542,76.20192307692308,66.4406779661017,31100.0,0.0
31200.0,0.046875,0.0,31200.0,90.3,75.2553545371986,76.6826923076923,67.34006734006735,31200.0,0.0
31300.0,0.046875,0.0,31300.0,90.0,73.67756064690028,75.66909975669101,64.7887323943662,31300.0,0.0
31400.0,0.046875,0.0,31400.0,89.9,73.25296865565714,75.30562347188264,64.31095406360426,31400.0,0.0
31500.0,0.046875,0.0,31500.0,89.9,72.96487039198261,75.00000000000001,63.79928315412188,31500.0,0.0
31600.0,0.046875,0.0,31600.0,90.5,74.76652394258456,76.7156862745098,66.19217081850535,31600.0,0.0
31700.0,0.046875,0.0,31700.0,90.5,74.75821022425338,76.13065326633168,66.07142857142858,31700.0,0.0
31800.0,0.046875,0.0,31800.0,90.2,74.48448239950011,75.98039215686275,66.20689655172414,31800.0,0.0
31900.0,0.046875,0.0,31900.0,90.0,73.2734658969425,75.00000000000001,64.2857142857143,31900.0,0.0
32000.0,0.046875,0.0,32000.0,89.3,70.57658886420134,72.4935732647815,60.66176470588236,32000.0,0.0
32100.0,0.046875,0.0,32100.0,88.3,67.8005284015852,70.30456852791879,57.60869565217392,32100.0,0.0
32200.0,0.046875,0.0,32200.0,88.2,67.19616139488593,70.93596059113301,56.77655677655679,32200.0,0.0
32300.0,0.046875,0.0,32300.0,89.1,70.39105538230852,73.60774818401937,60.79136690647483,32300.0,0.0
32400.0,0.046875,0.0,32400.0,88.7,69.60895056747889,72.23587223587225,59.498207885304666,32400.0,0.0
32500.0,0.046875,0.0,32500.0,88.7,69.4290537615791,71.8905472636816,59.05797101449276,32500.0,0.0
32600.0,0.046875,0.0,32600.0,87.7,66.64280135381412,68.78172588832487,55.434782608695656,32600.0,0.0
32700.0,0.046875,0.0,32700.0,88.0,68.07831453500745,70.0,57.14285714285715,32700.0,0.0
32800.0,0.046875,0.0,32800.0,88.5,68.66006802127845,70.51282051282051,57.24907063197027,32800.0,0.0
32900.0,0.046875,0.0,32900.0,88.5,69.01772724823536,70.51282051282051,58.02919708029197,32900.0,0.0
33000.0,0.046875,0.0,33000.0,88.7,69.9391333957606,71.60804020100502,59.05797101449276,33000.0,0.0
33100.0,0.046875,0.0,33100.0,88.7,70.30722821916945,72.16748768472907,59.35251798561152,33100.0,0.0
33200.0,0.046875,0.0,33200.0,88.7,69.74564926372156,71.02564102564102,58.14814814814816,33200.0,0.0
33300.0,0.046875,0.0,33300.0,87.6,67.3202614379085,68.60759493670886,55.714285714285715,33300.0,0.0
33400.0,0.046875,0.0,33400.0,88.0,68.70680887683521,70.58823529411765,57.89473684210527,33400.0,0.0
33500.0,0.046875,0.0,33500.0,87.7,68.06986210333945,70.85308056872039,57.43944636678201,33500.0,0.0
33600.0,0.046875,0.0,33600.0,87.5,67.91317562017414,70.93023255813954,57.91245791245792,33600.0,0.0
33700.0,0.046875,0.0,33700.0,88.0,69.3365972822004,71.96261682242991,60.13289036544851,33700.0,0.0
33800.0,0.046875,0.0,33800.0,87.8,68.60896548530026,71.36150234741785,59.19732441471572,33800.0,0.0
33900.0,0.046875,0.0,33900.0,88.2,69.19912504633182,71.77033492822967,59.169550173010386,33900.0,0.0
34000.0,0.046875,0.0,34000.0,88.1,68.70891401525112,71.39423076923077,58.96551724137932,34000.0,0.0
34100.0,0.046875,0.0,34100.0,88.6,70.33968861876613,72.46376811594203,60.95890410958905,34100.0,0.0
34200.0,0.046875,0.0,34200.0,88.4,70.77629251923474,72.18225419664269,62.21498371335505,34200.0,0.0
34300.0,0.046875,0.0,34300.0,88.7,70.92245301274266,72.63922518159806,61.82432432432433,34300.0,0.0
34400.0,0.046875,0.0,34400.0,88.2,69.24408209223648,71.28953771289538,59.7269624573379,34400.0,0.0
34500.0,0.046875,0.0,34500.0,88.1,68.93793852322085,69.72010178117048,59.24657534246576,34500.0,0.0
34600.0,0.046875,0.0,34600.0,88.6,69.9558825854808,71.21212121212122,60.278745644599304,34600.0,0.0
34700.0,0.0625,0.0,34700.0,88.3,68.6555648427956,70.45454545454545,58.65724381625442,34700.0,0.0
34800.0,0.0625,0.0,34800.0,88.2,69.24408209223648,70.93596059113301,59.7269624573379,34800.0,0.0
34900.0,0.0625,0.0,34900.0,87.9,68.96226221501715,70.63106796116504,60.197368421052644,34900.0,0.0
35000.0,0.0625,0.0,35000.0,88.3,70.36864445412459,71.73913043478262,61.764705882352956,35000.0,0.0
35100.0,0.0625,0.0,35100.0,88.2,70.03935508442301,71.63461538461539,61.563517915309454,35100.0,0.0
35200.0,0.0625,0.0,35200.0,88.5,70.42941630239137,73.06791569086651,61.40939597315437,35200.0,0.0
35300.0,0.0625,0.0,35300.0,88.9,71.25603364338838,73.18840579710145,62.500000000000014,35300.0,0.0
35400.0,0.0625,0.0,35400.0,89.4,72.83820281150226,74.70167064439141,64.5484949832776,35400.0,0.0
35500.0,0.0625,0.0,35500.0,89.60000000000001,73.84095299420477,75.6440281030445,66.01307189542484,35500.0,0.0
35600.0,0.0625,0.0,35600.0,89.2,72.59995940734728,74.52830188679246,64.47368421052633,35600.0,0.0
35700.0,0.0625,0.0,35700.0,88.3,70.54232337982779,72.97921478060047,61.764705882352956,35700.0,0.0
35800.0,0.0625,0.0,35800.0,88.7,71.77004326927882,73.963133640553,63.07189542483661,35800.0,0.0
35900.0,0.0625,0.0,35900.0,88.8,71.70874149367742,74.3119266055046,62.5418060200669,35900.0,0.0
36000.0,0.0625,0.0,36000.0,88.2,70.15121697029794,72.93577981651377,60.79734219269104,36000.0,0.0
36100.0,0.0625,0.0,36100.0,87.9,69.07933068250351,71.86046511627907,59.39597315436242,36100.0,0.0
36200.0,0.0625,0.0,36200.0,87.8,68.50735172641666,70.67307692307693,58.7837837837838,36200.0,0.0
36300.0,0.0625,0.0,36300.0,87.4,68.1206355632021,70.69767441860465,58.82352941176471,36300.0,0.0
36400.0,0.0625,0.0,36400.0,87.9,68.88660323990743,70.91346153846155,59.39597315436242,36400.0,0.0
36500.0,0.0625,0.0,36500.0,87.6,67.59762521949995,70.33492822966507,57.53424657534247,36500.0,0.0
36600.0,0.0625,0.0,36600.0,88.3,69.81891348088531,72.27488151658768,60.33898305084746,36600.0,0.0
36700.0,0.0625,0.0,36700.0,88.6,70.44794690999586,73.1764705882353,61.48648648648649,36700.0,0.0
36800.0,0.0625,0.0,36800.0,88.7,70.18029049147104,73.34905660377359,61.30136986301371,36800.0,0.0
36900.0,0.0625,0.0,36900.0,88.3,69.31324618644956,72.53521126760563,60.47297297297298,36900.0,0.0
37000.0,0.0625,0.0,37000.0,89.1,71.26164035393005,74.23167848699764,62.92517006802723,37000.0,0.0
37100.0,0.0625,0.0,37100.0,88.6,70.29873222483339,73.73271889400922,61.87290969899667,37100.0,0.0
37200.0,0.0625,0.0,37200.0,88.8,70.81980709808194,74.6606334841629,62.5418060200669,37200.0,0.0
37300.0,0.0625,0.0,37300.0,88.6,69.62786137516518,73.1764705882353,60.41666666666667,37300.0,0.0
37400.0,0.0625,0.0,37400.0,88.5,69.14573942906203,73.00469483568077,59.64912280701755,37400.0,0.0
37500.0,0.0625,0.0,37500.0,88.5,69.54610454954717,73.13084112149532,60.20761245674742,37500.0,0.0
37600.0,0.0625,0.0,37600.0,88.5,68.67270330053502,72.35576923076924,58.483754512635386,37600.0,0.0
37700.0,0.0625,0.0,37700.0,88.8,69.75850002160108,72.54901960784315,59.71223021582735,37700.0,0.0
37800.0,0.0625,0.0,37800.0,88.3,68.42343898436826,71.32352941176471,57.60869565217392,37800.0,0.0
37900.0,0.0625,0.0,37900.0,88.1,68.43668770887487,70.68965517241381,58.245614035087726,37900.0,0.0
38000.0,0.0625,0.0,38000.0,88.1,68.64063751739258,70.76167076167077,58.09859154929578,38000.0,0.0
38100.0,0.0625,0.0,38100.0,88.6,70.38345630260832,71.50000000000001,60.6896551724138,38100.0,0.0
38200.0,0.0625,0.0,38200.0,87.7,68.33813838550248,69.55445544554456,58.30508474576271,38200.0,0.0
38300.0,0.0625,0.0,38300.0,88.2,70.15121697029794,71.42857142857143,60.79734219269104,38300.0,0.0
38400.0,0.0625,0.0,38400.0,87.4,68.60532912079972,69.56521739130434,59.4855305466238,38400.0,0.0
38500.0,0.0625,0.0,38500.0,87.9,69.6163117717959,70.70217917675545,60.71428571428572,38500.0,0.0
38600.0,0.0625,0.0,38600.0,87.6,69.34289966722211,70.47619047619048,60.88328075709779,38600.0,0.0
38700.0,0.0625,0.0,38700.0,87.7,69.86771190592846,70.71428571428572,61.5625,38700.0,0.0
38800.0,0.0625,0.0,38800.0,88.1,70.6285973797747,71.39423076923077,62.69592476489028,38800.0,0.0
38900.0,0.0625,0.0,38900.0,88.3,70.88567276491551,72.27488151658768,62.500000000000014,38900.0,0.0
39000.0,0.0625,0.0,39000.0,88.6,71.16799951440842,72.59615384615385,62.86644951140066,39000.0,0.0
39100.0,0.0625,0.0,39100.0,88.8,71.42857142857144,73.20574162679426,62.66666666666667,39100.0,0.0
39200.0,0.0625,0.0,39200.0,89.5,72.96239455333875,74.00990099009903,64.2857142857143,39200.0,0.0
39300.0,0.0625,0.0,39300.0,89.1,72.17570658389153,73.28431372549021,63.7873754152824,39300.0,0.0
39400.0,0.0625,0.0,39400.0,89.60000000000001,73.06746083128319,73.86934673366835,64.50511945392493,39400.0,0.0
39500.0,0.0625,0.0,39500.0,89.3,72.25103734439836,72.77353689567431,63.356164383561655,39500.0,0.0
39600.0,0.0625,0.0,39600.0,89.3,72.15340092856697,72.979797979798,62.84722222222223,39600.0,0.0
39700.0,0.0625,0.0,39700.0,89.1,71.64205509246251,72.95285359801488,62.283737024221466,39700.0,0.0
39800.0,0.0625,0.0,39800.0,89.4,73.04321731744409,74.14634146341464,64.30976430976432,39800.0,0.0
39900.0,0.0625,0.0,39900.0,89.7,73.7633093891691,74.75490196078432,65.08474576271188,39900.0,0.0
40000.0,0.0625,0.0,40000.0,89.3,72.68735960792321,73.90243902439025,63.72881355932204,40000.0,0.0
40100.0,0.0625,0.0,40100.0,89.3,72.42097449326764,73.64532019704434,63.23024054982819,40100.0,0.0
40200.0,0.0625,0.0,40200.0,89.5,73.3331978829099,74.88038277511963,64.76510067114096,40200.0,0.0
40300.0,0.0625,0.0,40300.0,89.60000000000001,72.53574314581937,74.44717444717446,62.98932384341638,40300.0,0.0
40400.0,0.0625,0.0,40400.0,89.2,72.13320328828202,74.16267942583733,62.88659793814434,40400.0,0.0
40500.0,0.0625,0.0,40500.0,89.0,71.68684622354007,73.62110311750601,62.328767123287676,40500.0,0.0
40600.0,0.0625,0.0,40600.0,89.0,71.84223460026213,73.30097087378641,62.83783783783785,40600.0,0.0
40700.0,0.0625,0.0,40700.0,89.4,72.09821428571429,73.63184079601992,62.676056338028175,40700.0,0.0
40800.0,0.0625,0.0,40800.0,88.8,70.0662818045756,71.71717171717172,60.00000000000001,40800.0,0.0
40900.0,0.0625,0.0,40900.0,88.8,69.15093456141993,70.68062827225131,58.671586715867164,40900.0,0.0
41000.0,0.0625,0.0,41000.0,88.7,69.35476872342274,71.31979695431473,59.05797101449276,41000.0,0.0
41100.0,0.0625,0.0,41100.0,88.8,69.68581512677827,71.64556962025317,59.71223021582735,41100.0,0.0
41200.0,0.0625,0.0,41200.0,87.9,66.38963578587142,68.81443298969072,55.51470588235294,41200.0,0.0
41300.0,0.0625,0.0,41300.0,87.9,67.25091751561672,69.90049751243781,56.93950177935944,41300.0,0.0
41400.0,0.0625,0.0,41400.0,88.3,68.06385046239177,70.67669172932331,57.913669064748206,41400.0,0.0
41500.0,0.0625,0.0,41500.0,88.6,68.08885853287128,71.42857142857143,57.62081784386618,41500.0,0.0
41600.0,0.0625,0.0,41600.0,88.7,68.21735950947854,71.46464646464646,57.67790262172285,41600.0,0.0
41700.0,0.0625,0.0,41700.0,88.7,68.69112268646792,71.39240506329114,58.45588235294118,41700.0,0.0
41800.0,0.0625,0.0,41800.0,88.5,69.11955832912643,71.39303482587064,59.363957597173155,41800.0,0.0
41900.0,0.0625,0.0,41900.0,88.9,70.736182732766,72.79411764705883,61.591695501730115,41900.0,0.0
42000.0,0.0625,0.0,42000.0,88.8,70.5289526726556,71.85929648241206,61.512027491408936,42000.0,0.0
42100.0,0.0625,0.0,42100.0,88.6,70.59491137203112,72.12713936430319,61.74496644295303,42100.0,0.0
42200.0,0.0625,0.0,42200.0,89.3,72.48650038570327,73.64532019704434,64.09395973154363,42200.0,0.0
42300.0,0.0625,0.0,42300.0,89.4,72.67590530396767,73.36683417085428,63.94557823129253,42300.0,0.0
42400.0,0.0625,0.0,42400.0,89.5,72.9534799855752,73.9454094292804,64.16382252559728,42400.0,0.0
42500.0,0.0625,0.0,42500.0,89.2,73.03707402321807,74.10071942446044,64.59016393442624,42500.0,0.0
42600.0,0.0625,0.0,42600.0,88.7,71.59519380624403,73.0310262529833,62.95081967213115,42600.0,0.0
42700.0,0.0625,0.0,42700.0,88.9,71.96856438643987,73.50835322195705,63.36633663366338,42700.0,0.0
42800.0,0.0625,0.0,42800.0,89.4,72.53074742281399,73.89162561576356,63.573883161512036,42800.0,0.0
42900.0,0.0625,0.0,42900.0,89.0,70.97931616715914,72.36180904522614,61.26760563380282,42900.0,0.0
43000.0,0.0625,0.0,43000.0,88.8,70.49137136082203,72.54901960784315,60.142348754448406,43000.0,0.0
43100.0,0.0625,0.0,43100.0,88.5,69.3339875415991,71.39303482587064,58.333333333333336,43100.0,0.0
43200.0,0.0625,0.0,43200.0,87.8,68.26552908126106,70.3883495145631,57.34265734265735,43200.0,0.0
43300.0,0.0625,0.0,43300.0,87.7,67.49093446383829,70.0,56.382978723404264,43300.0,0.0
43400.0,0.0625,0.0,43400.0,87.7,67.38473287300728,69.55445544554456,55.91397849462366,43400.0,0.0
43500.0,0.0625,0.0,43500.0,87.8,67.12529573760597,69.42355889724311,55.95667870036102,43500.0,0.0
43600.0,0.0625,0.0,43600.0,87.9,67.93512825948696,69.90049751243781,56.93950177935944,43600.0,0.0
43700.0,0.0625,0.0,43700.0,87.7,68.22854781216097,70.2179176755448,57.731958762886606,43700.0,0.0
43800.0,0.0625,0.0,43800.0,87.1,67.02386551872227,69.35866983372921,56.565656565656575,43800.0,0.0
43900.0,0.0625,0.0,43900.0,87.7,69.05162088990429,71.65898617511522,59.27152317880795,43900.0,0.0
44000.0,0.0625,0.0,44000.0,88.0,69.58406204851343,71.63120567375887,60.13289036544851,44000.0,0.0
44100.0,0.0625,0.0,44100.0,87.9,69.11248162065023,71.25890736342043,59.800664451827245,44100.0,0.0
44200.0,0.0625,0.0,44200.0,87.9,68.88660323990743,71.4622641509434,59.39597315436242,44200.0,0.0
44300.0,0.0625,0.0,44300.0,87.6,68.77266500120881,71.0955710955711,59.74025974025975,44300.0,0.0
44400.0,0.0625,0.0,44400.0,87.9,69.20994238951205,71.4622641509434,60.197368421052644,44400.0,0.0
44500.0,0.0625,0.0,44500.0,87.9,69.34380542183936,71.05263157894737,60.32786885245902,44500.0,0.0
44600.0,0.0625,0.0,44600.0,88.6,71.12476633856973,72.98578199052133,62.376237623762385,44600.0,0.0
44700.0,0.0625,0.0,44700.0,88.3,70.28707259096727,72.66355140186917,61.51315789473685,44700.0,0.0
44800.0,0.0625,0.0,44800.0,88.8,71.24149441520093,73.64705882352942,62.5418060200669,44800.0,0.0
44900.0,0.0625,0.0,44900.0,88.0,69.22382486304602,71.76470588235294,60.26490066225166,44900.0,0.0
45000.0,0.0625,0.0,45000.0,87.8,69.21679450948729,71.88940092165899,60.3896103896104,45000.0,0.0
45100.0,0.078125,0.0,45100.0,88.1,70.59463092555252,72.76887871853548,62.34177215189873,45100.0,0.0
45200.0,0.078125,0.0,45200.0,88.8,72.62537334591262,74.4874715261959,64.89028213166144,45200.0,0.0
45300.0,0.078125,0.0,45300.0,88.8,72.6161369193154,74.54545454545455,64.77987421383648,45300.0,0.0
45400.0,0.078125,0.0,45400.0,88.0,70.76294105321632,73.09417040358744,62.84829721362228,45400.0,0.0
45500.0,0.078125,0.0,45500.0,87.6,69.85139656111413,72.56637168141593,61.72839506172839,45500.0,0.0
45600.0,0.078125,0.0,45600.0,86.9,67.98412403585777,71.08167770419426,59.815950920245385,45600.0,0.0
45700.0,0.078125,0.0,45700.0,87.3,68.17202145255877,71.26696832579185,59.424920127795524,45700.0,0.0
45800.0,0.078125,0.0,45800.0,87.1,67.58305272151581,70.94594594594594,58.520900321543415,45800.0,0.0
45900.0,0.078125,0.0,45900.0,87.2,68.08362091320738,71.23595505617976,59.235668789808905,45900.0,0.0
46000.0,0.078125,0.0,46000.0,87.3,67.84875243033053,70.66974595842956,58.63192182410424,46000.0,0.0
46100.0,0.078125,0.0,46100.0,87.5,67.80375227949435,70.7943925233645,58.19397993311037,46100.0,0.0
46200.0,0.078125,0.0,46200.0,87.7,67.7409202492604,70.50359712230217,57.731958762886606,46200.0,0.0
46300.0,0.078125,0.0,46300.0,87.9,67.4188163067478,70.19704433497537,57.0921985815603,46300.0,0.0
46400.0,0.078125,0.0,46400.0,87.7,66.98518359458879,70.28985507246377,56.690140845070424,46400.0,0.0
46500.0,0.078125,0.0,46500.0,88.6,68.74177415109239,72.19512195121952,58.69565217391305,46500.0,0.0
46600.0,0.078125,0.0,46600.0,88.3,68.30711220907556,71.03960396039605,58.06451612903226,46600.0,0.0
46700.0,0.078125,0.0,46700.0,88.2,68.07445685993343,70.05076142131979,57.70609318996417,46700.0,0.0
46800.0,0.078125,0.0,46800.0,88.5,69.00937803169128,70.66326530612244,58.92857142857143,46800.0,0.0
46900.0,0.078125,0.0,46900.0,87.8,67.27801350720688,69.34673366834171,56.8904593639576,46900.0,0.0
47000.0,0.078125,0.0,47000.0,88.3,68.82494004796163,70.52896725440806,58.94736842105264,47000.0,0.0
47100.0,0.078125,0.0,47100.0,88.3,69.073145974751,70.1530612244898,59.375000000000014,47100.0,0.0
47200.0,0.078125,0.0,47200.0,87.8,67.96807309580697,68.71794871794872,58.075601374570454,47200.0,0.0
47300.0,0.078125,0.0,47300.0,87.9,68.7445109161733,69.59798994974875,59.25925925925927,47300.0,0.0
47400.0,0.078125,0.0,47400.0,88.7,70.62126916117224,70.34120734908137,61.16838487972509,47400.0,0.0
47500.0,0.078125,0.0,47500.0,88.1,69.07227212242184,68.9295039164491,59.24657534246576,47500.0,0.0
47600.0,0.078125,0.0,47600.0,88.0,68.57454118830135,69.0721649484536,58.9041095890411,47600.0,0.0
47700.0,0.078125,0.0,47700.0,87.9,68.04183614177805,68.97435897435898,58.27586206896552,47700.0,0.0
47800.0,0.078125,0.0,47800.0,87.7,67.08942045272114,68.38046272493573,56.993006993007,47800.0,0.0
47900.0,0.078125,0.0,47900.0,88.4,68.72843340234644,69.47368421052632,58.865248226950364,47900.0,0.0
48000.0,0.078125,0.0,48000.0,87.8,67.59800276213747,69.34673366834171,57.931034482758626,48000.0,0.0
48100.0,0.078125,0.0,48100.0,87.6,66.50766812340304,68.52791878172589,56.18374558303887,48100.0,0.0
48200.0,0.078125,0.0,48200.0,88.1,67.45361456327673,69.94949494949495,57.347670250896066,48200.0,0.0
48300.0,0.078125,0.0,48300.0,88.3,68.68140692756572,70.82294264339153,58.94736842105264,48300.0,0.0
48400.0,0.078125,0.0,48400.0,88.0,68.02932776333176,70.73170731707317,58.333333333333336,48400.0,0.0
48500.0,0.078125,0.0,48500.0,88.4,69.80173275574809,72.3809523809524,60.81081081081082,48500.0,0.0
48600.0,0.078125,0.0,48600.0,88.9,70.84471527631855,72.86063569682152,61.3240418118467,48600.0,0.0
48700.0,0.078125,0.0,48700.0,88.4,70.0451904454487,71.98067632850243,60.67796610169493,48700.0,0.0
48800.0,0.078125,0.0,48800.0,88.4,70.18178827013244,71.70731707317074,60.81081081081082,48800.0,0.0
48900.0,0.078125,0.0,48900.0,88.4,70.1191114041957,71.84466019417476,60.81081081081082,48900.0,0.0
49000.0,0.078125,0.0,49000.0,88.8,70.58576350953862,71.50127226463104,60.56338028169015,49000.0,0.0
49100.0,0.078125,0.0,49100.0,88.7,70.28942829498128,71.39240506329114,60.211267605633815,49100.0,0.0
49200.0,0.078125,0.0,49200.0,87.5,66.92071557108078,67.94871794871796,56.14035087719299,49200.0,0.0
49300.0,0.078125,0.0,49300.0,87.8,67.07099170296955,68.1462140992167,56.27240143369177,49300.0,0.0
49400.0,0.078125,0.0,49400.0,87.7,67.7409202492604,67.63157894736842,57.731958762886606,49400.0,0.0
49500.0,0.078125,0.0,49500.0,87.7,67.13760526653273,66.84636118598382,56.690140845070424,49500.0,0.0
49600.0,0.078125,0.0,49600.0,87.6,67.05229650807485,67.02127659574468,57.09342560553634,49600.0,0.0
49700.0,0.078125,0.0,49700.0,88.2,68.36393273850378,68.44919786096257,58.450704225352126,49700.0,0.0
49800.0,0.078125,0.0,49800.0,88.2,68.47701226190794,69.19060052219321,58.88501742160279,49800.0,0.0
49900.0,0.078125,0.0,49900.0,87.8,68.09039311589466,69.26952141057934,58.64406779661018,49900.0,0.0
50000.0,0.078125,0.0,50000.0,87.4,66.87836473755048,68.65671641791045,57.71812080536913,50000.0,0.0
50100.0,0.078125,0.0,50100.0,86.6,64.95815899581591,67.78846153846155,55.92105263157895,50100.0,0.0
50200.0,0.078125,0.0,50200.0,85.7,64.11543287327476,66.19385342789597,55.99999999999999,50200.0,0.0
50300.0,0.078125,0.0,50300.0,84.1,60.62485141453363,63.36405529953917,52.25225225225224,50300.0,0.0
50400.0,0.078125,0.0,50400.0,83.0,57.848801170315625,61.88340807174887,49.25373134328356,50400.0,0.0
50500.0,0.078125,0.0,50500.0,81.69999999999999,55.78257591865926,59.42350332594234,48.01136363636362,50500.0,0.0
50600.0,0.078125,0.0,50600.0,79.9,52.81867347705251,56.39913232104122,45.96774193548388,50600.0,0.0
50700.0,0.078125,0.0,50700.0,78.2,49.79665341728193,53.813559322033896,43.669250645994836,50700.0,0.0
50800.0,0.078125,0.0,50800.0,77.60000000000001,49.28707590185239,52.842105263157904,43.57682619647356,50800.0,0.0
50900.0,0.078125,0.0,50900.0,76.3,46.82044607997129,50.52192066805845,41.48148148148149,50900.0,0.0
51000.0,0.078125,0.0,51000.0,75.3,46.140427387701706,49.796747967479675,41.88235294117648,51000.0,0.0
51100.0,0.078125,0.0,51100.0,75.2,46.87937763193406,50.0,43.24942791762014,51100.0,0.0
51200.0,0.078125,0.0,51200.0,75.2,46.51552990601399,50.20080321285141,42.72517321016167,51200.0,0.0
51300.0,0.078125,0.0,51300.0,74.7,45.929079469292844,49.70178926441352,42.630385487528336,51300.0,0.0
51400.0,0.078125,0.0,51400.0,74.1,44.511097780443905,48.61111111111111,41.136363636363626,51400.0,0.0
51500.0,0.078125,0.0,51500.0,73.7,43.843256493256916,48.33005893909627,40.49773755656108,51500.0,0.0
51600.0,0.078125,0.0,51600.0,74.4,44.96801265735709,48.282828282828284,41.28440366972478,51600.0,0.0
51700.0,0.078125,0.0,51700.0,75.1,46.67957206609164,50.790513833992094,43.020594965675066,51700.0,0.0
51800.0,0.078125,0.0,51800.0,74.8,46.41102741969097,50.491159135559926,43.11512415349886,51800.0,0.0
51900.0,0.078125,0.0,51900.0,75.9,47.93691942104126,51.41129032258065,43.953488372093034,51900.0,0.0
52000.0,0.078125,0.0,52000.0,75.3,47.00480604188123,50.50100200400801,43.348623853211016,52000.0,0.0
52100.0,0.078125,0.0,52100.0,74.4,45.1547663935831,48.59437751004016,41.5525114155251,52100.0,0.0
52200.0,0.078125,0.0,52200.0,75.0,46.100244920487086,50.0998003992016,42.12962962962964,52200.0,0.0
52300.0,0.078125,0.0,52300.0,75.0,45.610790819101496,49.69818913480885,41.1764705882353,52300.0,0.0
52400.0,0.078125,0.0,52400.0,75.1,46.286197494218754,49.696969696969695,42.22737819025523,52400.0,0.0
52500.0,0.078125,0.0,52500.0,75.2,46.68409466153,49.18032786885246,42.85714285714287,52500.0,0.0
52600.0,0.078125,0.0,52600.0,75.5,46.863423817331636,51.09780439121756,42.48826291079813,52600.0,0.0
52700.0,0.078125,0.0,52700.0,75.8,47.01650370227654,50.103092783505154,42.243436754176614,52700.0,0.0
52800.0,0.078125,0.0,52800.0,75.5,46.096507053657085,49.1701244813278,41.24700239808154,52800.0,0.0
52900.0,0.078125,0.0,52900.0,74.7,45.53189290665932,48.26175869120654,41.70506912442397,52900.0,0.0
53000.0,0.078125,0.0,53000.0,75.5,46.55556040312378,49.69199178644764,42.080378250591025,53000.0,0.0
53100.0,0.078125,0.0,53100.0,77.0,49.290060851926974,53.15682281059063,44.44444444444445,53100.0,0.0
53200.0,0.078125,0.0,53200.0,76.6,49.41196817710135,52.4390243902439,45.32710280373833,53200.0,0.0
53300.0,0.078125,0.0,53300.0,77.60000000000001,52.0722339902005,54.28571428571429,48.505747126436795,53300.0,0.0
53400.0,0.078125,0.0,53400.0,78.3,53.21824014349282,55.25773195876289,49.29906542056076,53400.0,0.0
53500.0,0.078125,0.0,53500.0,77.60000000000001,51.4257833676678,54.28571428571429,47.29411764705883,53500.0,0.0
53600.0,0.078125,0.0,53600.0,77.60000000000001,51.57384987893463,54.28571428571429,47.66355140186917,53600.0,0.0
53700.0,0.078125,0.0,53700.0,76.6,50.016874644884844,52.342158859470466,46.69703872437358,53700.0,0.0
53800.0,0.078125,0.0,53800.0,77.0,50.74693346124855,53.25203252032521,47.24770642201836,53800.0,0.0
53900.0,0.078125,0.0,53900.0,77.5,51.452121002891296,53.70370370370371,47.67441860465117,53900.0,0.0
54000.0,0.078125,0.0,54000.0,77.0,50.829485206088584,52.47933884297521,47.48858447488584,54000.0,0.0
54100.0,0.078125,0.0,54100.0,76.8,50.182093039235895,51.1578947368421,46.78899082568808,54100.0,0.0
54200.0,0.078125,0.0,54200.0,77.60000000000001,50.70509322018979,52.13675213675214,46.41148325358853,54200.0,0.0
54300.0,0.078125,0.0,54300.0,77.60000000000001,50.34932794268895,52.4416135881104,45.89371980676329,54300.0,0.0
54400.0,0.078125,0.0,54400.0,76.8,48.97218544211643,51.66666666666667,44.89311163895488,54400.0,0.0
54500.0,0.078125,0.0,54500.0,77.10000000000001,48.794776620008065,51.89075630252101,44.009779951100256,54500.0,0.0
54600.0,0.078125,0.0,54600.0,76.9,48.34756942891643,51.57232704402516,43.52078239608802,54600.0,0.0
54700.0,0.078125,0.0,54700.0,77.10000000000001,48.57307115331064,52.29166666666667,43.5960591133005,54700.0,0.0
54800.0,0.078125,0.0,54800.0,76.7,48.42668177713244,51.75983436853002,43.99038461538463,54800.0,0.0
54900.0,0.078125,0.0,54900.0,77.0,48.372846811013204,52.38095238095239,43.4889434889435,54900.0,0.0
55000.0,0.078125,0.0,55000.0,76.6,47.56561021081314,51.45228215767636,42.64705882352942,55000.0,0.0
55100.0,0.078125,0.0,55100.0,75.3,45.778636343680034,49.28131416837782,41.46919431279621,55100.0,0.0
55200.0,0.078125,0.0,55200.0,74.6,45.044483677778935,48.582995951417004,41.20370370370371,55200.0,0.0
55300.0,0.078125,0.0,55300.0,73.8,43.417415342087075,48.22134387351779,39.63133640552996,55300.0,0.0
55400.0,0.078125,0.0,55400.0,75.1,45.75210673545328,50.595238095238095,41.549295774647895,55400.0,0.0
55500.0,0.09375,0.0,55500.0,75.1,46.98472989890903,50.790513833992094,43.7923250564334,55500.0,0.0
55600.0,0.09375,0.0,55600.0,75.6,48.206765385137885,51.2,45.04504504504504,55600.0,0.0
55700.0,0.09375,0.0,55700.0,75.3,47.787191585070936,51.08910891089109,44.86607142857142,55700.0,0.0
55800.0,0.09375,0.0,55800.0,75.7,48.36247418123709,52.5390625,45.14672686230248,55800.0,0.0
55900.0,0.09375,0.0,55900.0,74.4,46.106397760047145,50.76923076923077,43.23725055432372,55900.0,0.0
56000.0,0.09375,0.0,56000.0,74.6,46.130516850119825,50.775193798449614,42.92134831460673,56000.0,0.0
56100.0,0.09375,0.0,56100.0,76.1,48.83366445159966,53.3203125,45.18348623853212,56100.0,0.0
56200.0,0.09375,0.0,56200.0,75.4,47.57055596523459,51.38339920948617,44.217687074829925,56200.0,0.0
56300.0,0.09375,0.0,56300.0,74.7,46.49533896154431,48.78542510121457,43.52678571428571,56300.0,0.0
56400.0,0.09375,0.0,56400.0,73.7,44.65301862015555,45.9958932238193,41.94260485651213,56400.0,0.0
56500.0,0.09375,0.0,56500.0,74.4,45.428112196390586,47.325102880658434,42.212189616252815,56500.0,0.0
56600.0,0.09375,0.0,56600.0,74.2,44.38504518176174,46.58385093167702,40.8256880733945,56600.0,0.0
56700.0,0.09375,0.0,56700.0,75.2,46.821969388324,49.07597535934292,43.24942791762014,56700.0,0.0
56800.0,0.09375,0.0,56800.0,74.7,46.08532583216128,48.6815415821501,42.7601809954751,56800.0,0.0
56900.0,0.09375,0.0,56900.0,75.0,47.34780356097335,48.34710743801653,44.56762749445676,56900.0,0.0
57000.0,0.09375,0.0,57000.0,75.8,49.18293722622833,50.81300813008131,46.57836644591612,57000.0,0.0
57100.0,0.09375,0.0,57100.0,74.9,46.82383648011932,49.49698189134809,43.847874720357936,57100.0,0.0
57200.0,0.09375,0.0,57200.0,75.6,48.432691982551646,52.25048923679061,45.53571428571428,57200.0,0.0
57300.0,0.09375,0.0,57300.0,76.6,50.120860990676434,54.027504911591365,46.69703872437358,57300.0,0.0
57400.0,0.09375,0.0,57400.0,77.2,51.385927505330486,55.46875,47.94520547945205,57400.0,0.0
57500.0,0.09375,0.0,57500.0,77.3,51.85006066468127,55.92233009708738,48.52607709750566,57500.0,0.0
57600.0,0.09375,0.0,57600.0,77.10000000000001,52.185278912246424,56.21414913957935,49.55947136563877,57600.0,0.0
57700.0,0.09375,0.0,57700.0,77.60000000000001,52.640903882177334,56.16438356164384,49.43566591422122,57700.0,0.0
57800.0,0.09375,0.0,57800.0,78.2,53.38952247779589,56.66003976143141,49.653579676674376,57800.0,0.0
57900.0,0.09375,0.0,57900.0,78.8,54.01042141205361,58.10276679841898,49.64370546318291,57900.0,0.0
58000.0,0.09375,0.0,58000.0,78.8,53.97707537339356,57.936507936507944,49.52380952380954,58000.0,0.0
58100.0,0.09375,0.0,58100.0,79.7,55.91518341889697,59.1549295774648,51.43540669856461,58100.0,0.0
58200.0,0.09375,0.0,58200.0,80.0,55.94713656387667,58.41995841995843,50.98039215686276,58200.0,0.0
58300.0,0.09375,0.0,58300.0,78.9,54.082520891364915,56.404958677685954,49.76190476190477,58300.0,0.0
58400.0,0.09375,0.0,58400.0,78.60000000000001,53.516256277477545,55.876288659793815,49.289099526066366,58400.0,0.0
58500.0,0.09375,0.0,58500.0,79.2,54.944612198746256,56.57620041753654,50.82742316784872,58500.0,0.0
58600.0,0.09375,0.0,58600.0,79.4,54.98940284484455,56.99373695198331,50.59952038369306,58600.0,0.0
58700.0,0.09375,0.0,58700.0,77.5,51.71300787185277,52.53164556962025,48.036951501154746,58700.0,0.0
58800.0,0.09375,0.0,58800.0,77.0,50.773919594548325,51.06382978723404,47.24770642201836,58800.0,0.0
58900.0,0.09375,0.0,58900.0,77.2,50.9584609560519,51.48936170212765,47.22222222222223,58900.0,0.0
59000.0,0.09375,0.0,59000.0,77.3,51.177335960150394,52.00845665961945,47.331786542923446,59000.0,0.0
59100.0,0.09375,0.0,59100.0,77.10000000000001,51.28903258742449,51.483050847457626,47.95454545454545,59100.0,0.0
59200.0,0.09375,0.0,59200.0,76.9,50.82427875608842,52.85714285714286,47.38041002277904,59200.0,0.0
59300.0,0.09375,0.0,59300.0,78.2,53.17467136351921,54.95867768595042,49.302325581395365,59300.0,0.0
59400.0,0.09375,0.0,59400.0,78.3,53.33413618690431,55.441478439425055,49.29906542056076,59400.0,0.0
59500.0,0.09375,0.0,59500.0,77.4,51.2559150731377,53.11203319502075,47.072599531615936,59500.0,0.0
59600.0,0.09375,0.0,59600.0,76.8,50.32119914346895,51.867219917012456,46.54377880184333,59600.0,0.0
59700.0,0.09375,0.0,59700.0,78.0,52.443537509078965,55.28455284552846,48.11320754716982,59700.0,0.0
59800.0,0.09375,0.0,59800.0,77.8,52.471482889733856,55.864811133200796,48.61111111111112,59800.0,0.0
59900.0,0.09375,0.0,59900.0,77.0,51.529149947735775,54.0,48.4304932735426,59900.0,0.0
60000.0,0.09375,0.0,60000.0,76.4,49.7598692053544,52.323232323232325,46.118721461187214,60000.0,0.0
60100.0,0.09375,0.0,60100.0,76.0,49.209144047100054,52.0,45.823927765237016,60100.0,0.0
60200.0,0.09375,0.0,60200.0,76.3,49.58691046465128,50.829875518672196,45.890410958904106,60200.0,0.0
60300.0,0.09375,0.0,60300.0,75.9,49.30670077070642,50.20661157024794,46.085011185682326,60300.0,0.0
60400.0,0.09375,0.0,60400.0,76.2,49.828193182536836,50.31315240083507,46.51685393258427,60400.0,0.0
60500.0,0.09375,0.0,60500.0,76.7,50.6037787049286,52.05761316872428,46.924829157175395,60500.0,0.0
60600.0,0.09375,0.0,60600.0,77.7,52.19188419716667,53.24947589098533,47.897196261682254,60600.0,0.0
60700.0,0.09375,0.0,60700.0,77.10000000000001,51.11558921725171,52.390852390852395,47.23502304147467,60700.0,0.0
60800.0,0.09375,0.0,60800.0,78.0,52.13812068155318,51.96506550218341,47.36842105263159,60800.0,0.0
60900.0,0.09375,0.0,60900.0,78.3,52.60559996505483,54.12262156448203,47.58454106280195,60900.0,0.0
61000.0,0.09375,0.0,61000.0,78.5,53.242979922753065,54.545454545454554,48.687350835322206,61000.0,0.0
61100.0,0.09375,0.0,61100.0,79.60000000000001,55.06152605770629,56.41025641025642,50.12224938875307,61100.0,0.0
61200.0,0.09375,0.0,61200.0,79.5,55.093099671412936,56.932773109243705,50.363196125908004,61200.0,0.0
61300.0,0.09375,0.0,61300.0,79.60000000000001,54.6027069248675,57.588357588357596,49.37965260545907,61300.0,0.0
61400.0,0.09375,0.0,61400.0,79.10000000000001,53.75860665168063,56.54885654885655,48.77450980392158,61400.0,0.0
61500.0,0.09375,0.0,61500.0,79.4,54.581532763030246,57.26141078838175,49.75609756097562,61500.0,0.0
61600.0,0.09375,0.0,61600.0,78.5,53.38652328505768,55.942622950819676,49.292452830188694,61600.0,0.0
61700.0,0.09375,0.0,61700.0,78.5,53.041594226955446,55.942622950819676,48.56459330143542,61700.0,0.0
61800.0,0.09375,0.0,61800.0,77.4,51.37798240141134,55.158730158730165,47.56380510440836,61800.0,0.0
61900.0,0.09375,0.0,61900.0,77.8,52.24409719832038,55.33199195171027,48.13084112149534,61900.0,0.0
62000.0,0.09375,0.0,62000.0,78.2,53.64700278968498,56.312625250501,50.000000000000014,62000.0,0.0
62100.0,0.09375,0.0,62100.0,76.9,51.468141250819365,54.34782608695653,48.4375,62100.0,0.0
62200.0,0.09375,0.0,62200.0,76.9,51.60276555625393,54.52755905511811,48.666666666666664,62200.0,0.0
62300.0,0.09375,0.0,62300.0,76.8,51.38306789606035,54.95145631067962,48.44444444444444,62300.0,0.0
62400.0,0.09375,0.0,62400.0,77.5,52.50960361349149,55.96868884540118,49.20993227990971,62400.0,0.0
62500.0,0.09375,0.0,62500.0,76.3,50.36025469168901,53.7109375,47.56637168141592,62500.0,0.0
62600.0,0.09375,0.0,62600.0,76.4,50.309931276108344,54.78927203065135,47.08520179372197,62600.0,0.0
62700.0,0.09375,0.0,62700.0,76.7,50.785322620164074,54.4921875,47.28506787330316,62700.0,0.0
62800.0,0.09375,0.0,62800.0,77.60000000000001,52.38419155159514,55.90551181102362,48.38709677419356,62800.0,0.0
62900.0,0.09375,0.0,62900.0,77.3,51.314717110624976,54.6,47.209302325581405,62900.0,0.0
63000.0,0.09375,0.0,63000.0,77.2,50.61236337170262,54.58167330677291,46.09929078014186,63000.0,0.0
63100.0,0.09375,0.0,63100.0,76.7,49.478742042359805,53.212851405622494,44.91725768321514,63100.0,0.0
63200.0,0.09375,0.0,63200.0,76.8,49.640537630674125,53.31991951710262,45.02369668246446,63200.0,0.0
63300.0,0.09375,0.0,63300.0,76.4,49.270222050256876,51.54004106776181,44.988344988345,63300.0,0.0
63400.0,0.09375,0.0,63400.0,76.2,49.008231528338996,52.112676056338024,44.77958236658934,63400.0,0.0
63500.0,0.09375,0.0,63500.0,76.4,49.0931681305976,52.12981744421907,44.60093896713616,63500.0,0.0
63600.0,0.09375,0.0,63600.0,76.6,49.70013542271233,52.342158859470466,45.45454545454547,63600.0,0.0
63700.0,0.09375,0.0,63700.0,77.4,50.69098081311883,54.158215010141994,45.80335731414869,63700.0,0.0
63800.0,0.09375,0.0,63800.0,76.5,48.75261688764829,52.62096774193549,44.04761904761906,63800.0,0.0
63900.0,0.09375,0.0,63900.0,76.0,48.21157298715647,52.662721893491124,43.92523364485982,63900.0,0.0
64000.0,0.09375,0.0,64000.0,76.2,49.22861628780122,51.91919191919192,45.41284403669726,64000.0,0.0
64100.0,0.09375,0.0,64100.0,76.5,49.93694185016021,53.46534653465347,46.10091743119267,64100.0,0.0
64200.0,0.09375,0.0,64200.0,76.5,50.165408431588766,53.46534653465347,46.590909090909086,64200.0,0.0
64300.0,0.09375,0.0,64300.0,77.4,51.14654307750839,54.800000000000004,46.69811320754718,64300.0,0.0
64400.0,0.09375,0.0,64400.0,77.60000000000001,51.748055920556624,54.929577464788736,47.54098360655738,64400.0,0.0
64500.0,0.09375,0.0,64500.0,78.2,53.375965096135346,56.916996047430835,49.41995359628771,64500.0,0.0
64600.0,0.09375,0.0,64600.0,78.2,53.158371974095296,57.086614173228355,48.946135831381746,64600.0,0.0
64700.0,0.09375,0.0,64700.0,76.8,51.12991018014525,55.12572533849131,47.98206278026906,64700.0,0.0
64800.0,0.09375,0.0,64800.0,77.3,52.329351679182835,55.490196078431374,49.33035714285714,64800.0,0.0
9900.0,0.015625,0.0,9900.0,88.1,70.25446183072539,72.32558139534883,61.61290322580646,9900.0,0.0
10000.0,0.015625,0.0,10000.0,87.8,69.09843415180268,71.29411764705883,59.735973597359745,10000.0,0.0
10100.0,0.015625,0.0,10100.0,88.5,70.86217555665914,72.74881516587678,61.53846153846154,10100.0,0.0
10200.0,0.015625,0.0,10200.0,88.2,70.1417004048583,71.4975845410628,60.66666666666668,10200.0,0.0
10300.0,0.015625,0.0,10300.0,87.8,69.61924446547302,71.6279069767442,60.26058631921825,10300.0,0.0
10400.0,0.015625,0.0,10400.0,88.7,71.68061751290664,73.15914489311164,62.582781456953654,10400.0,0.0
10500.0,0.015625,0.0,10500.0,89.0,72.24801194849232,73.42995169082126,62.83783783783785,10500.0,0.0
10600.0,0.015625,0.0,10600.0,89.1,72.52858035768294,74.10926365795724,63.17567567567569,10600.0,0.0
10700.0,0.015625,0.0,10700.0,89.3,72.92126414674145,74.82352941176471,63.85135135135136,10700.0,0.0
10800.0,0.015625,0.0,10800.0,89.3,72.72912631257009,74.64454976303318,63.481228668941995,10800.0,0.0
10900.0,0.015625,0.0,10900.0,89.0,72.19821158677445,74.23887587822014,62.962962962962976,10900.0,0.0
11000.0,0.015625,0.0,11000.0,89.60000000000001,73.79032258064517,75.11961722488039,65.33333333333334,11000.0,0.0
11100.0,0.015625,0.0,11100.0,89.7,73.72475791063357,74.87804878048782,65.31986531986533,11100.0,0.0
11200.0,0.015625,0.0,11200.0,89.9,74.11053009330463,75.4854368932039,65.76271186440678,11200.0,0.0
11300.0,0.015625,0.0,11300.0,89.60000000000001,72.79352904552377,74.69586374695865,64.01384083044984,11300.0,0.0
11400.0,0.015625,0.0,11400.0,88.9,70.95183762338927,73.38129496402878,61.8556701030928,11400.0,0.0
11500.0,0.015625,0.0,11500.0,88.5,70.01772864740849,72.22222222222223,61.016949152542374,11500.0,0.0
11600.0,0.015625,0.0,11600.0,88.2,69.5378530898427,71.70263788968826,60.79734219269104,11600.0,0.0
11700.0,0.015625,0.0,11700.0,88.2,69.28107297567477,71.4975845410628,60.135135135135144,11700.0,0.0
11800.0,0.015625,0.0,11800.0,88.2,69.3587672876277,71.4975845410628,60.26936026936027,11800.0,0.0
11900.0,0.015625,0.0,11900.0,87.9,68.97435897435898,70.4156479217604,59.66666666666668,11900.0,0.0
12000.0,0.015625,0.0,12000.0,88.1,70.11852149457613,71.11650485436894,61.363636363636374,12000.0,0.0
12100.0,0.015625,0.0,12100.0,87.8,69.40592321388269,71.09004739336493,60.517799352750814,12100.0,0.0
12200.0,0.015625,0.0,12200.0,87.2,68.4111291540599,69.95305164319248,59.62145110410094,12200.0,0.0
12300.0,0.015625,0.0,12300.0,87.8,69.65913782212297,70.74340527577938,60.77170418006431,12300.0,0.0
12400.0,0.015625,0.0,12400.0,87.9,69.9465495658394,70.70217917675545,61.21794871794872,12400.0,0.0
12500.0,0.015625,0.0,12500.0,87.8,69.74806585994841,70.53140096618358,61.146496815286625,12500.0,0.0
12600.0,0.015625,0.0,12600.0,88.1,70.28061097070018,71.32530120481928,61.23778501628665,12600.0,0.0
12700.0,0.015625,0.0,12700.0,88.2,70.47401713507887,71.28953771289538,61.184210526315795,12700.0,0.0
12800.0,0.015625,0.0,12800.0,88.3,70.73624603563675,71.875,61.25827814569538,12800.0,0.0
12900.0,0.015625,0.0,12900.0,88.8,71.23366483110051,72.27722772277228,61.643835616438366,12900.0,0.0
13000.0,0.015625,0.0,13000.0,88.2,69.42102071596274,71.63461538461539,59.45017182130585,13000.0,0.0
13100.0,0.015625,0.0,13100.0,87.9,68.60958626915853,70.34313725490196,58.4192439862543,13100.0,0.0
13200.0,0.015625,0.0,13200.0,88.5,69.99551237228525,72.28915662650603,59.93031358885018,13200.0,0.0
13300.0,0.015625,0.0,13300.0,88.1,69.42226059428735,72.19626168224299,59.52380952380953,13300.0,0.0
13400.0,0.015625,0.0,13400.0,88.1,69.56054637540288,72.51732101616629,59.66101694915255,13400.0,0.0
13500.0,0.015625,0.0,13500.0,88.3,69.70324719042934,72.79069767441861,59.65517241379311,13500.0,0.0
13600.0,0.015625,0.0,13600.0,88.7,70.94577916735231,73.41176470588235,61.30136986301371,13600.0,0.0
13700.0,0.015625,0.0,13700.0,89.1,71.55205712555721,74.04761904761905,61.888111888111894,13700.0,0.0
13800.0,0.015625,0.0,13800.0,88.9,70.74882995319813,72.66009852216749,60.91549295774649,13800.0,0.0
13900.0,0.015625,0.0,13900.0,88.3,69.58131408723143,72.40566037735849,59.7938144329897,13900.0,0.0
14000.0,0.03125,0.0,14000.0,88.5,70.60267081126405,72.68408551068885,61.27946127946129,14000.0,0.0
14100.0,0.03125,0.0,14100.0,88.2,70.3092368467403,72.99771167048056,61.31147540983607,14100.0,0.0
14200.0,0.03125,0.0,14200.0,88.0,69.81648422408242,72.5400457665904,60.7843137254902,14200.0,0.0
14300.0,0.03125,0.0,14300.0,88.3,69.88261943986821,72.00956937799043,60.33898305084746,14300.0,0.0
14400.0,0.03125,0.0,14400.0,88.6,70.68579804057703,72.59615384615385,61.35593220338984,14400.0,0.0
14500.0,0.03125,0.0,14500.0,88.8,71.66895170062178,73.70892018779344,62.79069767441862,14500.0,0.0
14600.0,0.03125,0.0,14600.0,88.7,71.17376353302518,73.72093023255815,61.95286195286196,14600.0,0.0
14700.0,0.03125,0.0,14700.0,88.3,70.52183903412413,72.72727272727273,61.51315789473685,14700.0,0.0
14800.0,0.03125,0.0,14800.0,87.8,69.82588049070043,72.52252252252251,61.392405063291136,14800.0,0.0
14900.0,0.03125,0.0,14900.0,88.3,70.69872276483848,73.10344827586206,62.25806451612904,14900.0,0.0
15000.0,0.03125,0.0,15000.0,87.9,68.75677797172102,72.05542725173211,59.39597315436242,15000.0,0.0
15100.0,0.03125,0.0,15100.0,88.1,68.94993372506862,71.93396226415095,59.38566552901025,15100.0,0.0
15200.0,0.03125,0.0,15200.0,88.1,68.82825679229666,71.73396674584323,59.52380952380953,15200.0,0.0
15300.0,0.03125,0.0,15300.0,87.9,69.26062921713682,72.24770642201835,60.71428571428572,15300.0,0.0
15400.0,0.03125,0.0,15400.0,87.8,68.51905371371952,71.75925925925927,59.60264900662252,15400.0,0.0
15500.0,0.03125,0.0,15500.0,87.6,67.4275657359006,70.96018735362998,57.96610169491526,15500.0,0.0
15600.0,0.03125,0.0,15600.0,87.2,65.92844974446336,69.23076923076923,55.86206896551724,15600.0,0.0
15700.0,0.03125,0.0,15700.0,87.2,65.47482899251234,69.08212560386474,55.244755244755254,15700.0,0.0
15800.0,0.03125,0.0,15800.0,87.7,65.4354570388022,68.78172588832487,54.275092936802984,15800.0,0.0
15900.0,0.03125,0.0,15900.0,87.7,65.57244900244072,69.09547738693468,54.779411764705884,15900.0,0.0
16000.0,0.03125,0.0,16000.0,88.0,67.09660436957094,70.37037037037037,56.52173913043479,16000.0,0.0
16100.0,0.03125,0.0,16100.0,88.1,67.82983877072138,70.47146401985111,57.19424460431656,16100.0,0.0
16200.0,0.03125,0.0,16200.0,88.1,68.26734363000256,71.1864406779661,57.95053003533569,16200.0,0.0
16300.0,0.03125,0.0,16300.0,88.3,68.3585383267346,71.60194174757282,57.76173285198557,16300.0,0.0
16400.0,0.03125,0.0,16400.0,88.0,68.12308738524311,71.29186602870814,57.74647887323944,16400.0,0.0
16500.0,0.03125,0.0,16500.0,87.9,67.83283709059974,70.8433734939759,57.54385964912281,16500.0,0.0
16600.0,0.03125,0.0,16600.0,88.4,69.59849040779955,72.18225419664269,60.00000000000001,16600.0,0.0
16700.0,0.03125,0.0,16700.0,88.5,70.42941630239137,72.87735849056605,61.40939597315437,16700.0,0.0
16800.0,0.03125,0.0,16800.0,88.9,72.17124462228107,74.77272727272727,63.84364820846906,16800.0,0.0
16900.0,0.03125,0.0,16900.0,88.7,71.52963940902588,73.47417840375587,62.82894736842106,16900.0,0.0
17000.0,0.03125,0.0,17000.0,89.1,72.15552035967916,73.86091127098322,63.54515050167225,17000.0,0.0
17100.0,0.03125,0.0,17100.0,88.7,70.82244554383864,72.83653846153847,62.08053691275168,17100.0,0.0
17200.0,0.03125,0.0,17200.0,88.6,70.63429913860611,72.39709443099274,61.48648648648649,17200.0,0.0
17300.0,0.03125,0.0,17300.0,88.3,69.78961175777982,71.32352941176471,60.73825503355705,17300.0,0.0
17400.0,0.03125,0.0,17400.0,89.0,70.86802686497595,72.36180904522614,61.53846153846154,17400.0,0.0
17500.0,0.03125,0.0,17500.0,88.7,69.98353078680339,71.8905472636816,60.62717770034845,17500.0,0.0
17600.0,0.03125,0.0,17600.0,88.9,69.64160686154385,72.31920199501248,60.21505376344087,17600.0,0.0
17700.0,0.03125,0.0,17700.0,88.7,69.08074031105322,71.8905472636816,59.35251798561152,17700.0,0.0
17800.0,0.03125,0.0,17800.0,88.0,67.26534709643629,70.1492537313433,57.446808510638306,17800.0,0.0
17900.0,0.03125,0.0,17900.0,88.7,68.62575242664533,71.82044887780549,58.60805860805861,17900.0,0.0
18000.0,0.03125,0.0,18000.0,88.4,67.76703345559632,71.4987714987715,57.664233576642346,18000.0,0.0
18100.0,0.03125,0.0,18100.0,88.5,67.72926254349535,71.60493827160495,57.72058823529412,18100.0,0.0
18200.0,0.03125,0.0,18200.0,88.7,68.14388813712225,72.23587223587225,58.60805860805861,18200.0,0.0
18300.0,0.03125,0.0,18300.0,87.9,66.0112359550562,70.34313725490196,56.00000000000001,18300.0,0.0
18400.0,0.03125,0.0,18400.0,87.6,65.44112728813182,69.38271604938272,55.39568345323741,18400.0,0.0
18500.0,0.03125,0.0,18500.0,88.7,68.27518052264534,71.39240506329114,58.302583025830266,18500.0,0.0
18600.0,0.03125,0.0,18600.0,88.5,68.17930271167681,70.51282051282051,58.18181818181819,18600.0,0.0
18700.0,0.03125,0.0,18700.0,88.6,68.43154630039875,70.99236641221374,58.69565217391305,18700.0,0.0
18800.0,0.03125,0.0,18800.0,88.9,69.28610957387936,71.68367346938776,59.63636363636364,18800.0,0.0
18900.0,0.03125,0.0,18900.0,88.0,68.53779397498755,70.6601466992665,59.86622073578596,18900.0,0.0
19000.0,0.03125,0.0,19000.0,88.2,69.78882903549557,71.4975845410628,61.43790849673203,19000.0,0.0
19100.0,0.03125,0.0,19100.0,88.7,71.04850528300727,72.9665071770335,62.582781456953654,19100.0,0.0
19200.0,0.03125,0.0,19200.0,87.3,67.28861231596625,68.40796019900498,57.52508361204014,19200.0,0.0
19300.0,0.03125,0.0,19300.0,88.0,69.18731544485814,70.1492537313433,59.86622073578596,19300.0,0.0
19400.0,0.03125,0.0,19400.0,87.9,69.4869777481894,70.4156479217604,60.586319218241044,19400.0,0.0
19500.0,0.03125,0.0,19500.0,87.4,68.43940365501764,69.92840095465394,59.61538461538463,19500.0,0.0
19600.0,0.03125,0.0,19600.0,86.7,67.32861031138536,69.35483870967742,58.69565217391304,19600.0,0.0
19700.0,0.03125,0.0,19700.0,87.0,68.1367863252891,70.04608294930877,59.50155763239875,19700.0,0.0
19800.0,0.03125,0.0,19800.0,87.3,68.18254699963924,69.90521327014218,58.89967637540454,19800.0,0.0
19900.0,0.03125,0.0,19900.0,87.1,67.32953106480404,69.5754716981132,57.84313725490197,19900.0,0.0
20000.0,0.03125,0.0,20000.0,86.6,65.30600620349321,67.71084337349397,55.183946488294325,20000.0,0.0
20100.0,0.03125,0.0,20100.0,86.7,65.17595307917887,67.1604938271605,54.91525423728814,20100.0,0.0
20200.0,0.03125,0.0,20200.0,87.5,67.52065686223563,70.30878859857482,58.05369127516779,20200.0,0.0
20300.0,0.03125,0.0,20300.0,87.6,67.55353666450358,70.4057279236277,57.82312925170069,20300.0,0.0
20400.0,0.03125,0.0,20400.0,87.8,67.46874866675199,70.09803921568628,57.34265734265735,20400.0,0.0
20500.0,0.03125,0.0,20500.0,87.5,66.78252920480033,69.51219512195122,56.2937062937063,20500.0,0.0
20600.0,0.03125,0.0,20600.0,87.3,65.29106313200327,68.09045226130654,53.81818181818182,20600.0,0.0
20700.0,0.03125,0.0,20700.0,87.1,64.29204127729305,66.58031088082902,51.865671641791046,20700.0,0.0
20800.0,0.03125,0.0,20800.0,87.5,65.60074852771203,68.11224489795919,53.70370370370371,20800.0,0.0
20900.0,0.03125,0.0,20900.0,88.4,67.39448179712622,69.71279373368147,55.038759689922486,20900.0,0.0
21000.0,0.03125,0.0,21000.0,88.1,66.8072477350828,69.01041666666667,54.406130268199234,21000.0,0.0
21100.0,0.03125,0.0,21100.0,88.1,67.19594222075202,69.40874035989717,55.094339622641506,21100.0,0.0
21200.0,0.03125,0.0,21200.0,88.4,67.86774808314497,70.17994858611826,55.72519083969466,21200.0,0.0
21300.0,0.03125,0.0,21300.0,88.1,67.35576184519499,69.25064599483204,54.92424242424243,21300.0,0.0
21400.0,0.03125,0.0,21400.0,87.7,67.19125100026673,69.25,55.27272727272727,21400.0,0.0
21500.0,0.03125,0.0,21500.0,88.2,68.80304143907868,70.20202020202021,57.400722021660656,21500.0,0.0
21600.0,0.03125,0.0,21600.0,89.2,71.82025497450778,73.00000000000001,61.8374558303887,21600.0,0.0
21700.0,0.03125,0.0,21700.0,89.0,71.60850712368368,73.36561743341406,62.068965517241395,21700.0,0.0
21800.0,0.03125,0.0,21800.0,87.8,68.47366000134375,70.60240963855422,58.36177474402731,21800.0,0.0
21900.0,0.03125,0.0,21900.0,88.1,69.11818134634349,70.83333333333334,58.96551724137932,21900.0,0.0
22000.0,0.03125,0.0,22000.0,88.6,70.52145986005452,71.7821782178218,60.82474226804124,22000.0,0.0
22100.0,0.03125,0.0,22100.0,88.9,71.46881618720569,72.66009852216749,62.11604095563141,22100.0,0.0
22200.0,0.03125,0.0,22200.0,89.5,73.00271515550438,73.48484848484848,64.04109589041097,22200.0,0.0
22300.0,0.03125,0.0,22300.0,89.9,74.53636006091105,75.3658536585366,66.55629139072849,22300.0,0.0
22400.0,0.03125,0.0,22400.0,90.10000000000001,74.4199266187794,75.61576354679804,65.86206896551725,22400.0,0.0
22500.0,0.03125,0.0,22500.0,90.3,74.99845351258841,76.22549019607844,66.66666666666667,22500.0,0.0
22600.0,0.03125,0.0,22600.0,90.4,75.45497778164135,76.92307692307693,67.23549488054609,22600.0,0.0
22700.0,0.03125,0.0,22700.0,90.4,75.34314128380043,76.64233576642336,67.12328767123289,22700.0,0.0
22800.0,0.03125,0.0,22800.0,91.10000000000001,77.20170090680875,78.18627450980394,69.31034482758622,22800.0,0.0
22900.0,0.03125,0.0,22900.0,90.60000000000001,76.351606329719,77.34939759036146,68.561872909699,22900.0,0.0
23000.0,0.03125,0.0,23000.0,90.7,76.19681395634548,77.37226277372264,68.25938566552902,23000.0,0.0
23100.0,0.03125,0.0,23100.0,90.0,74.80587930000657,76.41509433962264,66.77740863787378,23100.0,0.0
23200.0,0.03125,0.0,23200.0,89.5,73.46635533856931,75.46728971962618,65.11627906976746,23200.0,0.0
23300.0,0.03125,0.0,23300.0,88.9,72.07968608511923,73.94366197183099,63.36633663366338,23300.0,0.0
23400.0,0.03125,0.0,23400.0,88.8,72.07414314993692,73.45971563981043,63.75404530744338,23400.0,0.0
23500.0,0.03125,0.0,23500.0,88.5,70.91082016310177,72.87735849056605,62.17105263157896,23500.0,0.0
23600.0,0.03125,0.0,23600.0,88.4,70.26494955294889,72.04819277108435,61.073825503355714,23600.0,0.0
23700.0,0.03125,0.0,23700.0,88.3,70.59976479811839,72.91666666666667,61.764705882352956,23700.0,0.0
23800.0,0.03125,0.0,23800.0,88.1,71.1310794550324,73.31838565022422,63.1578947368421,23800.0,0.0
23900.0,0.03125,0.0,23900.0,88.4,71.69779096378781,73.93258426966291,63.63636363636363,23900.0,0.0
24000.0,0.03125,0.0,24000.0,88.3,71.92224622030238,74.28571428571429,64.0,24000.0,0.0
24100.0,0.03125,0.0,24100.0,88.9,73.41470190935132,75.81699346405229,65.95092024539878,24100.0,0.0
24200.0,0.03125,0.0,24200.0,88.8,73.44713134186819,75.43859649122807,66.06060606060606,24200.0,0.0
24300.0,0.03125,0.0,24300.0,89.1,74.03822335702445,76.14879649890591,66.76829268292683,24300.0,0.0
24400.0,0.03125,0.0,24400.0,88.9,73.58601915132593,76.1802575107296,66.46525679758308,24400.0,0.0
24500.0,0.03125,0.0,24500.0,88.4,72.41838457331717,74.89177489177489,64.95468277945619,24500.0,0.0
24600.0,0.03125,0.0,24600.0,87.9,71.38938806393644,74.2004264392324,63.988095238095234,24600.0,0.0
24700.0,0.046875,0.0,24700.0,88.2,71.97043118028239,74.29193899782135,64.67065868263472,24700.0,0.0
24800.0,0.046875,0.0,24800.0,88.5,72.40220782337413,75.0,65.15151515151516,24800.0,0.0
24900.0,0.046875,0.0,24900.0,88.1,71.29071170084438,73.96061269146608,63.82978723404255,24900.0,0.0
25000.0,0.046875,0.0,25000.0,88.6,72.47427310350156,75.0,65.34954407294833,25000.0,0.0
25100.0,0.046875,0.0,25100.0,88.2,71.0892020619769,73.24263038548753,63.35403726708074,25100.0,0.0
25200.0,0.046875,0.0,25200.0,88.3,70.87697638297024,73.34851936218678,62.97468354430379,25200.0,0.0
25300.0,0.046875,0.0,25300.0,88.5,70.56052755534621,73.31786542923435,62.17105263157896,25300.0,0.0
25400.0,0.046875,0.0,25400.0,89.1,71.64264529892294,74.65116279069768,63.05084745762712,25400.0,0.0
25500.0,0.046875,0.0,25500.0,89.0,71.62666886774933,74.17840375586854,63.08724832214766,25500.0,0.0
25600.0,0.046875,0.0,25600.0,88.9,71.14604778838356,73.69668246445498,62.626262626262644,25600.0,0.0
25700.0,0.046875,0.0,25700.0,89.2,71.29125552909153,73.7864077669903,62.500000000000014,25700.0,0.0
25800.0,0.046875,0.0,25800.0,88.7,69.25671999129393,71.8905472636816,59.64285714285715,25800.0,0.0
25900.0,0.046875,0.0,25900.0,88.7,69.1556846346177,72.23587223587225,59.35251798561152,25900.0,0.0
26000.0,0.046875,0.0,26000.0,88.1,67.45361456327673,70.83333333333334,57.347670250896066,26000.0,0.0
26100.0,0.046875,0.0,26100.0,88.1,67.25011008366359,70.83333333333334,56.8840579710145,26100.0,0.0
26200.0,0.046875,0.0,26200.0,88.1,67.39011290145785,70.90464547677261,57.50000000000001,26200.0,0.0
26300.0,0.046875,0.0,26300.0,88.4,67.86258484554646,71.07231920199501,57.81818181818183,26300.0,0.0
26400.0,0.046875,0.0,26400.0,87.5,65.77930113119943,69.21182266009852,55.67375886524823,26400.0,0.0
26500.0,0.046875,0.0,26500.0,87.4,65.24502259073532,69.19315403422983,54.83870967741936,26500.0,0.0
26600.0,0.046875,0.0,26600.0,87.4,65.41369068859694,69.19315403422983,54.83870967741936,26600.0,0.0
26700.0,0.046875,0.0,26700.0,86.8,63.87125027370264,67.8048780487805,52.85714285714286,26700.0,0.0
26800.0,0.046875,0.0,26800.0,87.2,65.26439763580805,69.1566265060241,54.77031802120141,26800.0,0.0
26900.0,0.046875,0.0,26900.0,87.0,65.25754846571989,68.44660194174757,55.32646048109966,26900.0,0.0
27000.0,0.046875,0.0,27000.0,87.2,66.30426198436307,69.4510739856802,56.61016949152543,27000.0,0.0
27100.0,0.046875,0.0,27100.0,87.6,67.51205198071683,70.4057279236277,58.10810810810811,27100.0,0.0
27200.0,0.046875,0.0,27200.0,87.6,67.34229488854243,70.1923076923077,57.82312925170069,27200.0,0.0
27300.0,0.046875,0.0,27300.0,87.0,66.24779312493509,69.48356807511738,56.95364238410596,27300.0,0.0
27400.0,0.046875,0.0,27400.0,88.0,68.944099378882,71.36038186157518,60.00000000000001,27400.0,0.0
27500.0,0.046875,0.0,27500.0,88.7,70.81159270548122,72.77108433734941,62.582781456953654,27500.0,0.0
27600.0,0.046875,0.0,27600.0,88.7,70.67616101642136,72.70531400966183,61.82432432432433,27600.0,0.0
27700.0,0.046875,0.0,27700.0,89.2,71.7785768040806,73.52941176470588,63.01369863013699,27700.0,0.0
27800.0,0.046875,0.0,27800.0,88.6,70.0806248425296,71.712158808933,60.95890410958905,27800.0,0.0
27900.0,0.046875,0.0,27900.0,88.9,70.72475999578015,72.52475247524754,61.458333333333336,27900.0,0.0
28000.0,0.046875,0.0,28000.0,88.9,70.70281569695626,72.18045112781955,61.1888111888112,28000.0,0.0
28100.0,0.046875,0.0,28100.0,87.9,68.69145820180296,69.97518610421837,59.39597315436242,28100.0,0.0
28200.0,0.046875,0.0,28200.0,88.3,69.44850637142261,70.67669172932331,59.7938144329897,28200.0,0.0
28300.0,0.046875,0.0,28300.0,88.1,69.1725817315165,69.87341772151899,59.66101694915255,28300.0,0.0
28400.0,0.046875,0.0,28400.0,87.4,67.47480588138113,67.77493606138107,57.432432432432435,28400.0,0.0
28500.0,0.046875,0.0,28500.0,87.3,67.42353508510922,67.92929292929293,57.52508361204014,28500.0,0.0
28600.0,0.046875,0.0,28600.0,87.5,67.57525135665149,67.61658031088082,57.91245791245792,28600.0,0.0
28700.0,0.046875,0.0,28700.0,87.5,68.21764556318332,69.05940594059406,59.15032679738563,28700.0,0.0
28800.0,0.046875,0.0,28800.0,88.2,70.05182556964982,71.14914425427872,61.05610561056106,28800.0,0.0
28900.0,0.046875,0.0,28900.0,87.8,69.05987674672211,70.53140096618358,60.00000000000001,28900.0,0.0
29000.0,0.046875,0.0,29000.0,88.2,69.03082220542538,70.57356608478803,59.589041095890416,29000.0,0.0
29100.0,0.046875,0.0,29100.0,88.6,69.82035167232314,71.85185185185186,60.278745644599304,29100.0,0.0
29200.0,0.046875,0.0,29200.0,88.5,70.01772864740849,72.48803827751196,61.016949152542374,29200.0,0.0
29300.0,0.046875,0.0,29300.0,89.2,71.68460848727644,73.7864077669903,62.629757785467135,29300.0,0.0
29400.0,0.046875,0.0,29400.0,88.9,71.31664358216362,73.82075471698114,62.500000000000014,29400.0,0.0
29500.0,0.046875,0.0,29500.0,88.9,71.44738602105177,73.82075471698114,62.626262626262644,29500.0,0.0
29600.0,0.046875,0.0,29600.0,88.2,69.93155606745525,72.99771167048056,61.05610561056106,29600.0,0.0
29700.0,0.046875,0.0,29700.0,87.5,67.89570470212351,70.7943925233645,58.4717607973422,29700.0,0.0
29800.0,0.046875,0.0,29800.0,87.2,67.09156258516343,70.23255813953489,57.47508305647842,29800.0,0.0
29900.0,0.046875,0.0,29900.0,87.8,68.60896548530026,71.56177156177156,59.19732441471572,29900.0,0.0
30000.0,0.046875,0.0,30000.0,87.7,68.53801528592037,71.32867132867133,59.13621262458473,30000.0,0.0
30100.0,0.046875,0.0,30100.0,87.6,67.43013238075226,70.61611374407583,57.24137931034483,30100.0,0.0
30200.0,0.046875,0.0,30200.0,87.5,67.21638236713456,70.02398081534771,57.04467353951891,30200.0,0.0
30300.0,0.046875,0.0,30300.0,87.5,67.81668383110195,70.65727699530517,58.333333333333336,30300.0,0.0
30400.0,0.046875,0.0,30400.0,87.9,68.37262794709603,71.59624413145539,58.84353741496599,30400.0,0.0
30500.0,0.046875,0.0,30500.0,88.0,68.76041319560147,72.09302325581396,59.45945945945946,30500.0,0.0
30600.0,0.046875,0.0,30600.0,88.9,71.2450132117507,73.94366197183099,62.37288135593221,30600.0,0.0
30700.0,0.046875,0.0,30700.0,89.1,71.3272585702561,74.41314553990611,62.283737024221466,30700.0,0.0
30800.0,0.046875,0.0,30800.0,89.1,71.02296894938324,73.67149758454107,61.754385964912295,30800.0,0.0
30900.0,0.046875,0.0,30900.0,89.1,71.47522793648136,73.86091127098322,62.54295532646049,30900.0,0.0
31000.0,0.046875,0.0,31000.0,89.0,71.81322933269104,74.35897435897436,63.210702341137136,31000.0,0.0
31100.0,0.046875,0.0,31100.0,90.10000000000001,74.51606260296542,76.20192307692308,66.4406779661017,31100.0,0.0
31200.0,0.046875,0.0,31200.0,90.3,75.2553545371986,76.6826923076923,67.34006734006735,31200.0,0.0
31300.0,0.046875,0.0,31300.0,90.0,73.67756064690028,75.66909975669101,64.7887323943662,31300.0,0.0
31400.0,0.046875,0.0,31400.0,89.9,73.25296865565714,75.30562347188264,64.31095406360426,31400.0,0.0
31500.0,0.046875,0.0,31500.0,89.9,72.96487039198261,75.00000000000001,63.79928315412188,31500.0,0.0
31600.0,0.046875,0.0,31600.0,90.5,74.76652394258456,76.7156862745098,66.19217081850535,31600.0,0.0
31700.0,0.046875,0.0,31700.0,90.5,74.75821022425338,76.13065326633168,66.07142857142858,31700.0,0.0
31800.0,0.046875,0.0,31800.0,90.2,74.48448239950011,75.98039215686275,66.20689655172414,31800.0,0.0
31900.0,0.046875,0.0,31900.0,90.0,73.2734658969425,75.00000000000001,64.2857142857143,31900.0,0.0
32000.0,0.046875,0.0,32000.0,89.3,70.57658886420134,72.4935732647815,60.66176470588236,32000.0,0.0
32100.0,0.046875,0.0,32100.0,88.3,67.8005284015852,70.30456852791879,57.60869565217392,32100.0,0.0
32200.0,0.046875,0.0,32200.0,88.2,67.19616139488593,70.93596059113301,56.77655677655679,32200.0,0.0
32300.0,0.046875,0.0,32300.0,89.1,70.39105538230852,73.60774818401937,60.79136690647483,32300.0,0.0
32400.0,0.046875,0.0,32400.0,88.7,69.60895056747889,72.23587223587225,59.498207885304666,32400.0,0.0
32500.0,0.046875,0.0,32500.0,88.7,69.4290537615791,71.8905472636816,59.05797101449276,32500.0,0.0
32600.0,0.046875,0.0,32600.0,87.7,66.64280135381412,68.78172588832487,55.434782608695656,32600.0,0.0
32700.0,0.046875,0.0,32700.0,88.0,68.07831453500745,70.0,57.14285714285715,32700.0,0.0
32800.0,0.046875,0.0,32800.0,88.5,68.66006802127845,70.51282051282051,57.24907063197027,32800.0,0.0
32900.0,0.046875,0.0,32900.0,88.5,69.01772724823536,70.51282051282051,58.02919708029197,32900.0,0.0
33000.0,0.046875,0.0,33000.0,88.7,69.9391333957606,71.60804020100502,59.05797101449276,33000.0,0.0
33100.0,0.046875,0.0,33100.0,88.7,70.30722821916945,72.16748768472907,59.35251798561152,33100.0,0.0
33200.0,0.046875,0.0,33200.0,88.7,69.74564926372156,71.02564102564102,58.14814814814816,33200.0,0.0
33300.0,0.046875,0.0,33300.0,87.6,67.3202614379085,68.60759493670886,55.714285714285715,33300.0,0.0
33400.0,0.046875,0.0,33400.0,88.0,68.70680887683521,70.58823529411765,57.89473684210527,33400.0,0.0
33500.0,0.046875,0.0,33500.0,87.7,68.06986210333945,70.85308056872039,57.43944636678201,33500.0,0.0
33600.0,0.046875,0.0,33600.0,87.5,67.91317562017414,70.93023255813954,57.91245791245792,33600.0,0.0
33700.0,0.046875,0.0,33700.0,88.0,69.3365972822004,71.96261682242991,60.13289036544851,33700.0,0.0
33800.0,0.046875,0.0,33800.0,87.8,68.60896548530026,71.36150234741785,59.19732441471572,33800.0,0.0
33900.0,0.046875,0.0,33900.0,88.2,69.19912504633182,71.77033492822967,59.169550173010386,33900.0,0.0
34000.0,0.046875,0.0,34000.0,88.1,68.70891401525112,71.39423076923077,58.96551724137932,34000.0,0.0
34100.0,0.046875,0.0,34100.0,88.6,70.33968861876613,72.46376811594203,60.95890410958905,34100.0,0.0
34200.0,0.046875,0.0,34200.0,88.4,70.77629251923474,72.18225419664269,62.21498371335505,34200.0,0.0
34300.0,0.046875,0.0,34300.0,88.7,70.92245301274266,72.63922518159806,61.82432432432433,34300.0,0.0
34400.0,0.046875,0.0,34400.0,88.2,69.24408209223648,71.28953771289538,59.7269624573379,34400.0,0.0
34500.0,0.046875,0.0,34500.0,88.1,68.93793852322085,69.72010178117048,59.24657534246576,34500.0,0.0
34600.0,0.046875,0.0,34600.0,88.6,69.9558825854808,71.21212121212122,60.278745644599304,34600.0,0.0
34700.0,0.0625,0.0,34700.0,88.3,68.6555648427956,70.45454545454545,58.65724381625442,34700.0,0.0
34800.0,0.0625,0.0,34800.0,88.2,69.24408209223648,70.93596059113301,59.7269624573379,34800.0,0.0
34900.0,0.0625,0.0,34900.0,87.9,68.96226221501715,70.63106796116504,60.197368421052644,34900.0,0.0
35000.0,0.0625,0.0,35000.0,88.3,70.36864445412459,71.73913043478262,61.764705882352956,35000.0,0.0
35100.0,0.0625,0.0,35100.0,88.2,70.03935508442301,71.63461538461539,61.563517915309454,35100.0,0.0
35200.0,0.0625,0.0,35200.0,88.5,70.42941630239137,73.06791569086651,61.40939597315437,35200.0,0.0
35300.0,0.0625,0.0,35300.0,88.9,71.25603364338838,73.18840579710145,62.500000000000014,35300.0,0.0
35400.0,0.0625,0.0,35400.0,89.4,72.83820281150226,74.70167064439141,64.5484949832776,35400.0,0.0
35500.0,0.0625,0.0,35500.0,89.60000000000001,73.84095299420477,75.6440281030445,66.01307189542484,35500.0,0.0
35600.0,0.0625,0.0,35600.0,89.2,72.59995940734728,74.52830188679246,64.47368421052633,35600.0,0.0
35700.0,0.0625,0.0,35700.0,88.3,70.54232337982779,72.97921478060047,61.764705882352956,35700.0,0.0
35800.0,0.0625,0.0,35800.0,88.7,71.77004326927882,73.963133640553,63.07189542483661,35800.0,0.0
35900.0,0.0625,0.0,35900.0,88.8,71.70874149367742,74.3119266055046,62.5418060200669,35900.0,0.0
36000.0,0.0625,0.0,36000.0,88.2,70.15121697029794,72.93577981651377,60.79734219269104,36000.0,0.0
36100.0,0.0625,0.0,36100.0,87.9,69.07933068250351,71.86046511627907,59.39597315436242,36100.0,0.0
36200.0,0.0625,0.0,36200.0,87.8,68.50735172641666,70.67307692307693,58.7837837837838,36200.0,0.0
36300.0,0.0625,0.0,36300.0,87.4,68.1206355632021,70.69767441860465,58.82352941176471,36300.0,0.0
36400.0,0.0625,0.0,36400.0,87.9,68.88660323990743,70.91346153846155,59.39597315436242,36400.0,0.0
36500.0,0.0625,0.0,36500.0,87.6,67.59762521949995,70.33492822966507,57.53424657534247,36500.0,0.0
36600.0,0.0625,0.0,36600.0,88.3,69.81891348088531,72.27488151658768,60.33898305084746,36600.0,0.0
36700.0,0.0625,0.0,36700.0,88.6,70.44794690999586,73.1764705882353,61.48648648648649,36700.0,0.0
36800.0,0.0625,0.0,36800.0,88.7,70.18029049147104,73.34905660377359,61.30136986301371,36800.0,0.0
36900.0,0.0625,0.0,36900.0,88.3,69.31324618644956,72.53521126760563,60.47297297297298,36900.0,0.0
37000.0,0.0625,0.0,37000.0,89.1,71.26164035393005,74.23167848699764,62.92517006802723,37000.0,0.0
37100.0,0.0625,0.0,37100.0,88.6,70.29873222483339,73.73271889400922,61.87290969899667,37100.0,0.0
37200.0,0.0625,0.0,37200.0,88.8,70.81980709808194,74.6606334841629,62.5418060200669,37200.0,0.0
37300.0,0.0625,0.0,37300.0,88.6,69.62786137516518,73.1764705882353,60.41666666666667,37300.0,0.0
37400.0,0.0625,0.0,37400.0,88.5,69.14573942906203,73.00469483568077,59.64912280701755,37400.0,0.0
37500.0,0.0625,0.0,37500.0,88.5,69.54610454954717,73.13084112149532,60.20761245674742,37500.0,0.0
37600.0,0.0625,0.0,37600.0,88.5,68.67270330053502,72.35576923076924,58.483754512635386,37600.0,0.0
37700.0,0.0625,0.0,37700.0,88.8,69.75850002160108,72.54901960784315,59.71223021582735,37700.0,0.0
37800.0,0.0625,0.0,37800.0,88.3,68.42343898436826,71.32352941176471,57.60869565217392,37800.0,0.0
37900.0,0.0625,0.0,37900.0,88.1,68.43668770887487,70.68965517241381,58.245614035087726,37900.0,0.0
38000.0,0.0625,0.0,38000.0,88.1,68.64063751739258,70.76167076167077,58.09859154929578,38000.0,0.0
38100.0,0.0625,0.0,38100.0,88.6,70.38345630260832,71.50000000000001,60.6896551724138,38100.0,0.0
38200.0,0.0625,0.0,38200.0,87.7,68.33813838550248,69.55445544554456,58.30508474576271,38200.0,0.0
38300.0,0.0625,0.0,38300.0,88.2,70.15121697029794,71.42857142857143,60.79734219269104,38300.0,0.0
38400.0,0.0625,0.0,38400.0,87.4,68.60532912079972,69.56521739130434,59.4855305466238,38400.0,0.0
38500.0,0.0625,0.0,38500.0,87.9,69.6163117717959,70.70217917675545,60.71428571428572,38500.0,0.0
38600.0,0.0625,0.0,38600.0,87.6,69.34289966722211,70.47619047619048,60.88328075709779,38600.0,0.0
38700.0,0.0625,0.0,38700.0,87.7,69.86771190592846,70.71428571428572,61.5625,38700.0,0.0
38800.0,0.0625,0.0,38800.0,88.1,70.6285973797747,71.39423076923077,62.69592476489028,38800.0,0.0
38900.0,0.0625,0.0,38900.0,88.3,70.88567276491551,72.27488151658768,62.500000000000014,38900.0,0.0
39000.0,0.0625,0.0,39000.0,88.6,71.16799951440842,72.59615384615385,62.86644951140066,39000.0,0.0
39100.0,0.0625,0.0,39100.0,88.8,71.42857142857144,73.20574162679426,62.66666666666667,39100.0,0.0
39200.0,0.0625,0.0,39200.0,89.5,72.96239455333875,74.00990099009903,64.2857142857143,39200.0,0.0
39300.0,0.0625,0.0,39300.0,89.1,72.17570658389153,73.28431372549021,63.7873754152824,39300.0,0.0
39400.0,0.0625,0.0,39400.0,89.60000000000001,73.06746083128319,73.86934673366835,64.50511945392493,39400.0,0.0
39500.0,0.0625,0.0,39500.0,89.3,72.25103734439836,72.77353689567431,63.356164383561655,39500.0,0.0
39600.0,0.0625,0.0,39600.0,89.3,72.15340092856697,72.979797979798,62.84722222222223,39600.0,0.0
39700.0,0.0625,0.0,39700.0,89.1,71.64205509246251,72.95285359801488,62.283737024221466,39700.0,0.0
39800.0,0.0625,0.0,39800.0,89.4,73.04321731744409,74.14634146341464,64.30976430976432,39800.0,0.0
39900.0,0.0625,0.0,39900.0,89.7,73.7633093891691,74.75490196078432,65.08474576271188,39900.0,0.0
40000.0,0.0625,0.0,40000.0,89.3,72.68735960792321,73.90243902439025,63.72881355932204,40000.0,0.0
40100.0,0.0625,0.0,40100.0,89.3,72.42097449326764,73.64532019704434,63.23024054982819,40100.0,0.0
40200.0,0.0625,0.0,40200.0,89.5,73.3331978829099,74.88038277511963,64.76510067114096,40200.0,0.0
40300.0,0.0625,0.0,40300.0,89.60000000000001,72.53574314581937,74.44717444717446,62.98932384341638,40300.0,0.0
40400.0,0.0625,0.0,40400.0,89.2,72.13320328828202,74.16267942583733,62.88659793814434,40400.0,0.0
40500.0,0.0625,0.0,40500.0,89.0,71.68684622354007,73.62110311750601,62.328767123287676,40500.0,0.0
40600.0,0.0625,0.0,40600.0,89.0,71.84223460026213,73.30097087378641,62.83783783783785,40600.0,0.0
40700.0,0.0625,0.0,40700.0,89.4,72.09821428571429,73.63184079601992,62.676056338028175,40700.0,0.0
40800.0,0.0625,0.0,40800.0,88.8,70.0662818045756,71.71717171717172,60.00000000000001,40800.0,0.0
40900.0,0.0625,0.0,40900.0,88.8,69.15093456141993,70.68062827225131,58.671586715867164,40900.0,0.0
41000.0,0.0625,0.0,41000.0,88.7,69.35476872342274,71.31979695431473,59.05797101449276,41000.0,0.0
41100.0,0.0625,0.0,41100.0,88.8,69.68581512677827,71.64556962025317,59.71223021582735,41100.0,0.0
41200.0,0.0625,0.0,41200.0,87.9,66.38963578587142,68.81443298969072,55.51470588235294,41200.0,0.0
41300.0,0.0625,0.0,41300.0,87.9,67.25091751561672,69.90049751243781,56.93950177935944,41300.0,0.0
41400.0,0.0625,0.0,41400.0,88.3,68.06385046239177,70.67669172932331,57.913669064748206,41400.0,0.0
41500.0,0.0625,0.0,41500.0,88.6,68.08885853287128,71.42857142857143,57.62081784386618,41500.0,0.0
41600.0,0.0625,0.0,41600.0,88.7,68.21735950947854,71.46464646464646,57.67790262172285,41600.0,0.0
41700.0,0.0625,0.0,41700.0,88.7,68.69112268646792,71.39240506329114,58.45588235294118,41700.0,0.0
41800.0,0.0625,0.0,41800.0,88.5,69.11955832912643,71.39303482587064,59.363957597173155,41800.0,0.0
41900.0,0.0625,0.0,41900.0,88.9,70.736182732766,72.79411764705883,61.591695501730115,41900.0,0.0
42000.0,0.0625,0.0,42000.0,88.8,70.5289526726556,71.85929648241206,61.512027491408936,42000.0,0.0
42100.0,0.0625,0.0,42100.0,88.6,70.59491137203112,72.12713936430319,61.74496644295303,42100.0,0.0
42200.0,0.0625,0.0,42200.0,89.3,72.48650038570327,73.64532019704434,64.09395973154363,42200.0,0.0
42300.0,0.0625,0.0,42300.0,89.4,72.67590530396767,73.36683417085428,63.94557823129253,42300.0,0.0
42400.0,0.0625,0.0,42400.0,89.5,72.9534799855752,73.9454094292804,64.16382252559728,42400.0,0.0
42500.0,0.0625,0.0,42500.0,89.2,73.03707402321807,74.10071942446044,64.59016393442624,42500.0,0.0
42600.0,0.0625,0.0,42600.0,88.7,71.59519380624403,73.0310262529833,62.95081967213115,42600.0,0.0
42700.0,0.0625,0.0,42700.0,88.9,71.96856438643987,73.50835322195705,63.36633663366338,42700.0,0.0
42800.0,0.0625,0.0,42800.0,89.4,72.53074742281399,73.89162561576356,63.573883161512036,42800.0,0.0
42900.0,0.0625,0.0,42900.0,89.0,70.97931616715914,72.36180904522614,61.26760563380282,42900.0,0.0
43000.0,0.0625,0.0,43000.0,88.8,70.49137136082203,72.54901960784315,60.142348754448406,43000.0,0.0
43100.0,0.0625,0.0,43100.0,88.5,69.3339875415991,71.39303482587064,58.333333333333336,43100.0,0.0
43200.0,0.0625,0.0,43200.0,87.8,68.26552908126106,70.3883495145631,57.34265734265735,43200.0,0.0
43300.0,0.0625,0.0,43300.0,87.7,67.49093446383829,70.0,56.382978723404264,43300.0,0.0
43400.0,0.0625,0.0,43400.0,87.7,67.38473287300728,69.55445544554456,55.91397849462366,43400.0,0.0
43500.0,0.0625,0.0,43500.0,87.8,67.12529573760597,69.42355889724311,55.95667870036102,43500.0,0.0
43600.0,0.0625,0.0,43600.0,87.9,67.93512825948696,69.90049751243781,56.93950177935944,43600.0,0.0
43700.0,0.0625,0.0,43700.0,87.7,68.22854781216097,70.2179176755448,57.731958762886606,43700.0,0.0
43800.0,0.0625,0.0,43800.0,87.1,67.02386551872227,69.35866983372921,56.565656565656575,43800.0,0.0
43900.0,0.0625,0.0,43900.0,87.7,69.05162088990429,71.65898617511522,59.27152317880795,43900.0,0.0
44000.0,0.0625,0.0,44000.0,88.0,69.58406204851343,71.63120567375887,60.13289036544851,44000.0,0.0
44100.0,0.0625,0.0,44100.0,87.9,69.11248162065023,71.25890736342043,59.800664451827245,44100.0,0.0
44200.0,0.0625,0.0,44200.0,87.9,68.88660323990743,71.4622641509434,59.39597315436242,44200.0,0.0
44300.0,0.0625,0.0,44300.0,87.6,68.77266500120881,71.0955710955711,59.74025974025975,44300.0,0.0
44400.0,0.0625,0.0,44400.0,87.9,69.20994238951205,71.4622641509434,60.197368421052644,44400.0,0.0
44500.0,0.0625,0.0,44500.0,87.9,69.34380542183936,71.05263157894737,60.32786885245902,44500.0,0.0
44600.0,0.0625,0.0,44600.0,88.6,71.12476633856973,72.98578199052133,62.376237623762385,44600.0,0.0
44700.0,0.0625,0.0,44700.0,88.3,70.28707259096727,72.66355140186917,61.51315789473685,44700.0,0.0
44800.0,0.0625,0.0,44800.0,88.8,71.24149441520093,73.64705882352942,62.5418060200669,44800.0,0.0
44900.0,0.0625,0.0,44900.0,88.0,69.22382486304602,71.76470588235294,60.26490066225166,44900.0,0.0