learning evaluation instances,evaluation time (cpu seconds),model cost (RAM-Hours),classified instances,classifications correct (percent),Kappa Statistic (percent),Kappa Temporal Statistic (percent),Kappa M Statistic (percent),model training instances,model serialized size (bytes)
1000.0,0.0,0.0,1000.0,82.0,54.74476044893196,61.03896103896103,45.78313253012046,1000.0,0.0
2000.0,0.0,0.0,2000.0,87.1,69.02017291066281,73.34710743801652,62.93103448275862,2000.0,0.0
3000.0,0.0,0.0,3000.0,87.0,67.46355918628865,71.36563876651982,60.36585365853659,3000.0,0.0
4000.0,0.0,0.0,4000.0,88.4,70.08258238895738,72.51184834123224,62.70096463022509,4000.0,0.0
5000.0,0.0,0.0,5000.0,86.6,67.07147455902806,71.05831533477321,60.47197640117994,5000.0,0.0
6000.0,0.015625,0.0,6000.0,88.5,70.4594961160659,72.94117647058825,63.25878594249201,6000.0,0.0
7000.0,0.015625,0.0,7000.0,88.2,69.38770215790758,72.30046948356808,62.05787781350484,7000.0,0.0
8000.0,0.015625,0.0,8000.0,89.60000000000001,73.94789579158316,74.75728155339807,67.5,8000.0,0.0
9000.0,0.015625,0.0,9000.0,89.7,73.55040829952237,76.64399092970523,66.7741935483871,9000.0,0.0
10000.0,0.015625,0.0,10000.0,85.7,63.991458673274096,65.8711217183771,57.05705705705705,10000.0,0.0
11000.0,0.015625,0.0,11000.0,89.0,70.40385288024324,74.17840375586854,62.71186440677967,11000.0,0.0
12000.0,0.015625,0.0,12000.0,86.5,67.2714578019996,69.31818181818181,61.09510086455331,12000.0,0.0
13000.0,0.03125,0.0,13000.0,88.3,68.52334115317565,72.00956937799043,60.606060606060616,13000.0,0.0
14000.0,0.03125,0.0,14000.0,89.8,72.35472679965308,75.71428571428572,64.82758620689656,14000.0,0.0
15000.0,0.03125,0.0,15000.0,87.9,69.31021538648837,71.99074074074075,62.4223602484472,15000.0,0.0
16000.0,0.03125,0.0,16000.0,87.4,67.91607251986147,71.10091743119267,60.62499999999999,16000.0,0.0
17000.0,0.03125,0.0,17000.0,86.7,69.4954128440367,71.3978494623656,64.53333333333333,17000.0,0.0
18000.0,0.046875,0.0,18000.0,87.3,68.22298954110994,72.97872340425532,61.16207951070336,18000.0,0.0
19000.0,0.046875,0.0,19000.0,82.3,58.78775460785499,57.75656324582338,53.17460317460316,19000.0,0.0
20000.0,0.046875,0.0,20000.0,84.3,63.053607568127255,66.23655913978493,56.986301369863,20000.0,0.0
21000.0,0.046875,0.0,21000.0,83.7,61.81417795061612,65.09635974304068,54.97237569060772,21000.0,0.0
22000.0,0.046875,0.0,22000.0,80.60000000000001,55.27666225580828,60.08230452674898,49.3472584856397,22000.0,0.0
23000.0,0.046875,0.0,23000.0,77.9,49.47370346322326,53.17796610169492,43.187660668380474,23000.0,0.0
24000.0,0.046875,0.0,24000.0,73.7,42.812660363737564,46.10655737704918,38.26291079812207,24000.0,0.0
25000.0,0.0625,0.0,25000.0,66.2,29.229480737018438,36.82242990654206,26.521739130434785,25000.0,0.0
26000.0,0.0625,0.0,26000.0,63.800000000000004,26.23054381538888,29.434697855750493,25.051759834368532,26000.0,0.0
27000.0,0.0625,0.0,27000.0,60.4,20.712149061159753,19.67545638945233,19.838056680161937,27000.0,0.0
28000.0,0.0625,0.0,28000.0,52.7,11.22838889848131,6.336633663366342,-6.29213483146068,28000.0,0.0
29000.0,0.0625,0.0,29000.0,53.2,10.597962092007684,5.835010060362178,-2.4070021881838097,29000.0,0.0
30000.0,0.0625,0.0,30000.0,47.099999999999994,2.247747448093371,-13.763440860215068,-26.55502392344497,30000.0,0.0
31000.0,0.0625,0.0,31000.0,45.0,0.969419356697368,-13.402061855670103,-32.8502415458937,31000.0,0.0
32000.0,0.0625,0.0,32000.0,44.800000000000004,-1.44075271978829,-14.760914760914762,-31.428571428571413,32000.0,0.0
33000.0,0.078125,0.0,33000.0,42.9,-1.4750311000533196,-17.24845995893224,-47.92746113989637,33000.0,0.0
34000.0,0.078125,0.0,34000.0,43.3,-3.62902636234702,-15.950920245398775,-35.97122302158272,34000.0,0.0
35000.0,0.078125,0.0,35000.0,43.6,-0.7056538011027647,-16.528925619834713,-43.877551020408156,35000.0,0.0
36000.0,0.078125,0.0,36000.0,41.5,-3.4446173433300316,-23.678646934460897,-53.94736842105263,36000.0,0.0
37000.0,0.078125,0.0,37000.0,42.5,-4.72291228044614,-16.632860040567955,-41.62561576354679,37000.0,0.0
38000.0,0.078125,0.0,38000.0,44.3,0.8014247551202145,-18.7633262260128,-47.745358090185675,38000.0,0.0
39000.0,0.078125,0.0,39000.0,44.7,1.6441260378056457,-19.181034482758626,-43.2642487046632,39000.0,0.0
40000.0,0.078125,0.0,40000.0,43.7,0.3716156432489906,-24.833702882483383,-60.85714285714287,40000.0,0.0
41000.0,0.09375,0.0,41000.0,46.5,2.589126397436376,-15.301724137931036,-38.96103896103895,41000.0,0.0
42000.0,0.09375,0.0,42000.0,44.5,-2.409104999778577,-15.866388308977038,-41.22137404580152,42000.0,0.0
43000.0,0.09375,0.0,43000.0,45.4,1.1800477810758028,-17.167381974248933,-47.567567567567565,43000.0,0.0
44000.0,0.09375,0.0,44000.0,45.800000000000004,1.212065980133052,-10.83844580777096,-50.13850415512465,44000.0,0.0
45000.0,0.09375,0.0,45000.0,48.4,4.231625835189307,-8.176100628930826,-28.999999999999996,45000.0,0.0
46000.0,0.09375,0.0,46000.0,46.2,2.1177497998690122,-14.95726495726496,-51.9774011299435,46000.0,0.0
47000.0,0.09375,0.0,47000.0,50.7,7.184974885346142,-11.286681715575632,-22.636815920398,47000.0,0.0
48000.0,0.09375,0.0,48000.0,49.4,5.664950241057739,-6.079664570230613,-30.749354005167955,48000.0,0.0
49000.0,0.109375,0.0,49000.0,50.3,6.347986010612637,0.4008016032064131,-28.092783505154635,49000.0,0.0
50000.0,0.109375,0.0,50000.0,51.4,6.818007515913793,1.0183299389002045,-20.895522388059693,50000.0,0.0
51000.0,0.109375,0.0,51000.0,70.7,35.72362474881757,36.71706263498919,36.85344827586206,51000.0,0.0
52000.0,0.109375,0.0,52000.0,71.5,39.11349245007305,40.871369294605806,16.66666666666665,52000.0,0.0
53000.0,0.109375,0.0,53000.0,71.8,38.60248812328271,37.61061946902654,14.285714285714265,53000.0,0.0
54000.0,0.109375,0.0,54000.0,73.1,39.98215082552431,38.0184331797235,14.603174603174585,54000.0,0.0
55000.0,0.109375,0.0,55000.0,72.6,39.2329153563302,39.64757709251101,17.7177177177177,55000.0,0.0
56000.0,0.109375,0.0,56000.0,72.89999999999999,38.209676683843306,36.3849765258216,13.968253968253949,56000.0,0.0
57000.0,0.125,0.0,57000.0,73.2,40.14436821040594,36.79245283018868,15.1898734177215,57000.0,0.0
58000.0,0.125,0.0,58000.0,73.8,42.00460421462723,37.32057416267943,18.124999999999982,58000.0,0.0
59000.0,0.125,0.0,59000.0,74.1,39.952332817093414,41.136363636363626,15.35947712418302,59000.0,0.0
60000.0,0.125,0.0,60000.0,75.7,45.00819219523675,41.58653846153847,27.027027027027025,60000.0,0.0
61000.0,0.125,0.0,61000.0,74.9,40.41344994255003,41.76334106728539,15.4882154882155,61000.0,0.0
62000.0,0.125,0.0,62000.0,73.8,41.01755965781179,40.85778781038374,25.14285714285713,62000.0,0.0
63000.0,0.125,0.0,63000.0,77.2,45.71428571428572,45.45454545454547,24.000000000000018,63000.0,0.0
64000.0,0.125,0.0,64000.0,75.8,39.369948539617496,41.82692307692308,16.262975778546725,64000.0,0.0
65000.0,0.140625,0.0,65000.0,77.7,47.77126154653277,49.31818181818181,30.529595015576323,65000.0,0.0
66000.0,0.140625,0.0,66000.0,77.4,46.7483506126296,48.401826484018265,29.374999999999996,66000.0,0.0
67000.0,0.140625,0.0,67000.0,75.0,44.278269862567925,46.236559139784944,32.61455525606468,67000.0,0.0
68000.0,0.140625,0.0,68000.0,76.6,43.397321774131115,50.73684210526316,27.777777777777775,68000.0,0.0
69000.0,0.140625,0.0,69000.0,73.6,41.081949651847886,39.44954128440367,30.89005235602094,69000.0,0.0
70000.0,0.140625,0.0,70000.0,75.7,44.01386060142477,47.17391304347826,32.87292817679558,70000.0,0.0
71000.0,0.140625,0.0,71000.0,73.9,41.4798206278027,43.99141630901287,28.4931506849315,71000.0,0.0
72000.0,0.140625,0.0,72000.0,73.8,40.5172726942497,44.95798319327731,30.687830687830687,72000.0,0.0
73000.0,0.15625,0.0,73000.0,72.6,38.68627512408197,42.67782426778242,28.459530026109658,73000.0,0.0
74000.0,0.15625,0.0,74000.0,69.1,35.06111400662418,36.680327868852444,30.872483221476493,74000.0,0.0
75000.0,0.15625,0.0,75000.0,65.5,28.235636726712983,32.61718750000001,24.175824175824175,75000.0,0.0
76000.0,0.15625,0.0,76000.0,62.2,23.267738753039858,27.586206896551722,21.739130434782606,76000.0,0.0
77000.0,0.15625,0.0,77000.0,61.4,23.414825778649,20.90163934426229,23.260437375745525,77000.0,0.0
78000.0,0.15625,0.0,78000.0,56.10000000000001,16.8793595734529,11.491935483870979,-0.22831050228310526,78000.0,0.0
79000.0,0.15625,0.0,79000.0,57.699999999999996,19.300682224019777,13.141683778234075,4.514672686230227,79000.0,0.0
80000.0,0.15625,0.0,80000.0,56.39999999999999,17.132952195596634,12.273641851106628,-2.830188679245285,80000.0,0.0
81000.0,0.171875,0.0,81000.0,54.1,14.948338991090898,9.64566929133859,-11.138014527845018,81000.0,0.0
82000.0,0.171875,0.0,82000.0,54.400000000000006,14.265086336562188,4.801670146137791,-12.871287128712854,82000.0,0.0
83000.0,0.171875,0.0,83000.0,53.300000000000004,12.883536294173833,4.498977505112479,-20.36082474226803,83000.0,0.0
84000.0,0.171875,0.0,84000.0,53.2,13.199596415217524,3.105590062111804,-17.58793969849245,84000.0,0.0
85000.0,0.171875,0.0,85000.0,55.1,17.356284603604674,4.468085106382983,-19.098143236074257,85000.0,0.0
86000.0,0.171875,0.0,86000.0,53.2,13.316317647538224,1.2658227848101278,-19.693094629156,86000.0,0.0
87000.0,0.171875,0.0,87000.0,55.50000000000001,16.09472810920885,10.101010101010111,-9.068627450980372,87000.0,0.0
88000.0,0.171875,0.0,88000.0,55.300000000000004,17.350176393583276,5.09554140127389,-18.567639257294417,88000.0,0.0
89000.0,0.1875,0.0,89000.0,52.900000000000006,14.61203770848441,3.086419753086423,-26.954177897574116,89000.0,0.0
90000.0,0.1875,0.0,90000.0,55.900000000000006,18.338172552737625,6.567796610169498,-23.876404494382015,90000.0,0.0
91000.0,0.1875,0.0,91000.0,57.49999999999999,19.27027930583837,13.087934560327188,-2.905569007263925,91000.0,0.0
92000.0,0.1875,0.0,92000.0,57.8,19.903124537355126,9.05172413793102,-8.483290488431884,92000.0,0.0
93000.0,0.1875,0.0,93000.0,58.099999999999994,21.12020602875064,12.159329140461205,-8.268733850129205,93000.0,0.0
94000.0,0.1875,0.0,94000.0,56.699999999999996,18.303736519173142,7.081545064377666,-14.550264550264563,94000.0,0.0
95000.0,0.1875,0.0,95000.0,57.599999999999994,19.831494877913187,14.859437751004007,-6.265664160401007,95000.0,0.0
96000.0,0.1875,0.0,96000.0,57.4,20.03754106053495,9.36170212765956,-15.44715447154473,96000.0,0.0
97000.0,0.203125,0.0,97000.0,56.8,17.637413967321876,5.8823529411764515,-6.666666666666672,97000.0,0.0
98000.0,0.203125,0.0,98000.0,58.599999999999994,21.56090019287681,17.034068136272538,-6.976744186046517,98000.0,0.0
99000.0,0.203125,0.0,99000.0,59.0,22.8546053918986,12.951167728237781,-13.259668508287307,99000.0,0.0
100000.0,0.203125,0.0,100000.0,59.699999999999996,22.89796511850372,15.866388308977028,-2.5445292620865163,100000.0,0.0