learning evaluation instances,evaluation time (cpu seconds),model cost (RAM-Hours),classified instances,classifications correct (percent),Kappa Statistic (percent),Kappa Temporal Statistic (percent),Kappa M Statistic (percent),model training instances,model serialized size (bytes)
1000.0,0.015625,0.0,1000.0,82.0,54.74476044893196,61.03896103896103,45.78313253012046,1000.0,0.0
2000.0,0.015625,0.0,2000.0,87.1,69.02017291066281,73.34710743801652,62.93103448275862,2000.0,0.0
3000.0,0.03125,0.0,3000.0,87.0,67.46355918628865,71.36563876651982,60.36585365853659,3000.0,0.0
4000.0,0.03125,0.0,4000.0,88.6,70.67177080760682,73.04964539007092,63.46153846153847,4000.0,0.0
5000.0,0.03125,0.0,5000.0,86.6,66.99832528814895,71.05831533477321,60.35502958579882,5000.0,0.0
6000.0,0.03125,0.0,6000.0,88.4,70.09939373943169,72.64150943396227,62.82051282051283,6000.0,0.0
7000.0,0.046875,0.0,7000.0,88.2,69.38770215790758,72.30046948356808,62.05787781350484,7000.0,0.0
8000.0,0.046875,0.0,8000.0,89.60000000000001,74.06690737896227,74.818401937046,67.70186335403727,8000.0,0.0
9000.0,0.046875,0.0,9000.0,89.5,72.91664517194062,76.24434389140272,66.01941747572818,9000.0,0.0
10000.0,0.046875,0.0,10000.0,85.8,64.18771689129204,65.94724220623502,57.22891566265059,10000.0,0.0
11000.0,0.046875,0.0,11000.0,89.0,70.33841175677497,74.23887587822014,62.71186440677967,11000.0,0.0
12000.0,0.046875,0.0,12000.0,86.6,67.39897331095052,69.61451247165532,61.15942028985507,12000.0,0.0
13000.0,0.046875,0.0,13000.0,88.4,69.18565113906836,72.64150943396227,61.58940397350994,13000.0,0.0
14000.0,0.0625,0.0,14000.0,90.10000000000001,72.79621894921962,76.20192307692308,65.14084507042254,14000.0,0.0
15000.0,0.0625,0.0,15000.0,88.7,71.28860792942588,73.90300230946882,64.57680250783699,15000.0,0.0
16000.0,0.0625,0.0,16000.0,88.6,70.83280030702315,73.73271889400922,63.8095238095238,16000.0,0.0
17000.0,0.0625,0.0,17000.0,87.5,70.643494598403,72.64770240700219,65.27777777777779,17000.0,0.0
18000.0,0.0625,0.0,18000.0,88.6,70.93734703866862,75.16339869281046,64.15094339622641,18000.0,0.0
19000.0,0.0625,0.0,19000.0,85.8,65.9987740403034,66.43026004728132,60.11235955056179,19000.0,0.0
20000.0,0.0625,0.0,20000.0,89.7,74.8006067426726,75.93457943925235,68.8821752265861,20000.0,0.0
21000.0,0.0625,0.0,21000.0,88.6,71.26726484524649,74.32432432432432,64.59627329192547,21000.0,0.0
22000.0,0.078125,0.0,22000.0,87.6,68.91170925428216,72.68722466960352,62.19512195121951,22000.0,0.0
23000.0,0.078125,0.0,23000.0,89.8,73.1721558539934,76.87074829931973,66.11295681063125,23000.0,0.0
24000.0,0.078125,0.0,24000.0,87.7,69.55837367467554,73.9406779661017,63.17365269461077,24000.0,0.0
25000.0,0.078125,0.0,25000.0,88.0,69.87830836579782,73.62637362637362,63.190184049079754,25000.0,0.0
26000.0,0.078125,0.0,26000.0,46.7,4.180119801816442,-10.351966873706003,-0.9469696969696872,26000.0,0.0
27000.0,0.078125,0.0,27000.0,42.0,-3.2175398633257477,-18.367346938775515,-52.63157894736842,27000.0,0.0
28000.0,0.09375,0.0,28000.0,43.5,-0.566017585703609,-22.559652928416497,-44.87179487179487,28000.0,0.0
29000.0,0.09375,0.0,29000.0,41.5,-2.4855819429164128,-24.203821656050966,-56.417112299465245,29000.0,0.0
30000.0,0.09375,0.0,30000.0,41.3,-5.014956133445922,-23.319327731092446,-49.744897959183675,30000.0,0.0
31000.0,0.09375,0.0,31000.0,41.5,-2.745500273988007,-27.72925764192141,-52.34375,31000.0,0.0
32000.0,0.09375,0.0,32000.0,41.3,-2.8626301992065413,-25.965665236051517,-54.88126649076518,32000.0,0.0
33000.0,0.109375,0.0,33000.0,41.3,-5.177529636053491,-23.319327731092446,-49.744897959183675,33000.0,0.0
34000.0,0.109375,0.0,34000.0,42.4,-4.723845401423227,-18.03278688524591,-40.145985401459846,34000.0,0.0
35000.0,0.109375,0.0,35000.0,42.9,-2.033522747578714,-16.530612244897963,-46.41025641025641,35000.0,0.0
36000.0,0.109375,0.0,36000.0,41.3,-2.4504328399888293,-24.893617021276608,-57.795698924731184,36000.0,0.0
37000.0,0.109375,0.0,37000.0,41.4,-6.215991850732091,-17.670682730923698,-47.607052896725435,37000.0,0.0
38000.0,0.109375,0.0,38000.0,43.6,-0.8093345154002403,-19.49152542372882,-47.64397905759162,38000.0,0.0
39000.0,0.109375,0.0,39000.0,45.1,3.108299859515862,-19.088937093275494,-45.238095238095234,39000.0,0.0
40000.0,0.125,0.0,40000.0,43.0,-0.9163916547455516,-25.274725274725284,-61.01694915254239,40000.0,0.0
41000.0,0.125,0.0,41000.0,45.9,1.7335580807347009,-16.84665226781858,-41.2532637075718,41000.0,0.0
42000.0,0.125,0.0,42000.0,44.9,-1.7513794606253539,-15.271966527196657,-40.20356234096691,42000.0,0.0
43000.0,0.125,0.0,43000.0,45.5,1.4822848879248083,-16.452991452991455,-48.50136239782017,43000.0,0.0
44000.0,0.125,0.0,44000.0,45.6,0.6214811052937258,-12.629399585921325,-49.862258953168045,44000.0,0.0
45000.0,0.125,0.0,45000.0,48.5,4.381730412179717,-7.7405857740585855,-28.749999999999996,45000.0,0.0
46000.0,0.125,0.0,46000.0,46.1,1.8836875714483294,-15.170940170940172,-52.259887005649716,46000.0,0.0
47000.0,0.140625,0.0,47000.0,50.1,6.557806823714468,-11.633109619686813,-26.329113924050628,47000.0,0.0
48000.0,0.140625,0.0,48000.0,50.0,6.521438373323457,-5.4852320675105535,-27.226463104325692,48000.0,0.0
49000.0,0.140625,0.0,49000.0,50.3,6.505839152419937,-0.40404040404040437,-28.092783505154635,49000.0,0.0
50000.0,0.140625,0.0,50000.0,50.8,6.058465239722754,0.8064516129032264,-24.556962025316448,50000.0,0.0
51000.0,0.140625,0.0,51000.0,70.7,35.743359416119844,36.44251626898046,37.25910064239827,51000.0,0.0
52000.0,0.140625,0.0,52000.0,71.5,39.491473605543845,41.35802469135801,18.338108882521475,52000.0,0.0
53000.0,0.140625,0.0,53000.0,71.7,38.274297679288075,37.38938053097344,13.45565749235472,53000.0,0.0
54000.0,0.140625,0.0,54000.0,72.7,38.911414838484454,35.76470588235294,12.77955271565493,54000.0,0.0
55000.0,0.15625,0.0,55000.0,72.1,38.67646670945393,39.6103896103896,17.455621301775132,55000.0,0.0
56000.0,0.15625,0.0,56000.0,73.3,38.92508143322475,37.028301886792455,14.696485623003175,56000.0,0.0
57000.0,0.15625,0.0,57000.0,73.4,39.965965667754496,37.411764705882355,13.915857605178003,57000.0,0.0
58000.0,0.15625,0.0,58000.0,73.4,41.18895590498258,35.7487922705314,17.39130434782607,58000.0,0.0
59000.0,0.15625,0.0,59000.0,74.5,41.284285372188556,42.3076923076923,17.475728155339816,59000.0,0.0
60000.0,0.15625,0.0,60000.0,75.6,44.65413370109602,41.346153846153854,26.506024096385534,60000.0,0.0
61000.0,0.15625,0.0,61000.0,75.2,40.72799407279942,42.056074766355145,15.932203389830521,61000.0,0.0
62000.0,0.171875,0.0,62000.0,73.6,40.533040203268875,40.271493212669675,23.69942196531791,62000.0,0.0
63000.0,0.171875,0.0,63000.0,77.5,46.37801355563819,46.68246445497631,25.24916943521597,63000.0,0.0
64000.0,0.171875,0.0,64000.0,76.3,40.52996085516413,43.16546762589929,16.842105263157908,64000.0,0.0
65000.0,0.171875,0.0,65000.0,77.60000000000001,47.39190680852064,48.267898383371836,29.78056426332288,65000.0,0.0
66000.0,0.171875,0.0,66000.0,78.0,47.85246989665309,49.308755760368676,29.936305732484076,66000.0,0.0
67000.0,0.171875,0.0,67000.0,75.9,45.686468944379335,47.14912280701754,33.05555555555556,67000.0,0.0
68000.0,0.1875,0.0,68000.0,78.2,47.091744856007026,52.60869565217392,31.661442006269592,68000.0,0.0
69000.0,0.1875,0.0,69000.0,76.1,45.49849493751711,43.36492890995262,32.67605633802817,69000.0,0.0
70000.0,0.1875,0.0,70000.0,78.7,49.637770253655404,50.2336448598131,35.649546827794566,70000.0,0.0
71000.0,0.1875,0.0,71000.0,78.3,48.15805819676048,51.23595505617977,32.81733746130031,71000.0,0.0
72000.0,0.1875,0.0,72000.0,79.60000000000001,51.35699672375067,54.966887417218544,37.61467889908257,72000.0,0.0
73000.0,0.1875,0.0,73000.0,79.9,49.71278746272244,54.52488687782806,33.222591362126266,73000.0,0.0
74000.0,0.1875,0.0,74000.0,78.60000000000001,49.24676507418511,54.661016949152554,35.92814371257485,74000.0,0.0
75000.0,0.1875,0.0,75000.0,80.5,53.64383249020579,57.14285714285715,40.72948328267478,75000.0,0.0
76000.0,0.203125,0.0,76000.0,52.0,12.317556582576774,0.8264462809917362,8.74524714828898,76000.0,0.0
77000.0,0.203125,0.0,77000.0,49.7,9.161832799982662,-4.35684647302905,-37.05722070844687,77000.0,0.0
78000.0,0.203125,0.0,78000.0,51.4,11.664630954458213,-0.20618556701030946,-25.25773195876288,78000.0,0.0
79000.0,0.203125,0.0,79000.0,49.2,9.115305483495831,-11.64835164835166,-37.66937669376694,79000.0,0.0
80000.0,0.203125,0.0,80000.0,51.800000000000004,12.299854439592432,-3.655913978494627,-28.19148936170212,80000.0,0.0
81000.0,0.21875,0.0,81000.0,52.900000000000006,13.599542132605446,6.732673267326739,-18.939393939393927,81000.0,0.0
82000.0,0.21875,0.0,82000.0,52.2,12.855460389342849,-6.2222222222222285,-28.15013404825737,82000.0,0.0
83000.0,0.21875,0.0,83000.0,53.400000000000006,13.07754005707784,4.703476482617591,-21.03896103896103,83000.0,0.0
84000.0,0.21875,0.0,84000.0,53.1,13.047669900032629,2.6970954356846497,-19.338422391857492,84000.0,0.0
85000.0,0.21875,0.0,85000.0,54.2,16.00029344875651,1.2931034482758632,-23.783783783783775,85000.0,0.0
86000.0,0.21875,0.0,86000.0,53.1,13.979677928175793,-0.21367521367521386,-23.09711286089238,86000.0,0.0
87000.0,0.234375,0.0,87000.0,54.6,14.597441685477804,8.651911468812886,-13.499999999999984,87000.0,0.0
88000.0,0.234375,0.0,88000.0,56.3,18.666805634138342,8.385744234800823,-12.339331619537287,88000.0,0.0
89000.0,0.234375,0.0,89000.0,52.300000000000004,14.107910715443294,2.053388090349078,-31.40495867768595,89000.0,0.0
90000.0,0.234375,0.0,90000.0,55.400000000000006,17.370989436084802,6.1052631578947425,-24.23398328690807,90000.0,0.0
91000.0,0.234375,0.0,91000.0,57.599999999999994,19.83452636196223,12.936344969199167,-5.210918114143925,91000.0,0.0
92000.0,0.234375,0.0,92000.0,56.599999999999994,17.73447569944649,6.263498920086374,-10.152284263959398,92000.0,0.0
93000.0,0.25,0.0,93000.0,59.599999999999994,23.651715757605533,17.043121149897324,-4.392764857881141,93000.0,0.0
94000.0,0.25,0.0,94000.0,56.699999999999996,18.149923631799407,6.479481641468665,-13.05483028720628,94000.0,0.0
95000.0,0.25,0.0,95000.0,56.599999999999994,18.37195305446885,11.428571428571416,-11.282051282051292,95000.0,0.0
96000.0,0.25,0.0,96000.0,57.699999999999996,20.548459804658144,9.6153846153846,-15.890410958904125,96000.0,0.0
97000.0,0.25,0.0,97000.0,56.3,16.919520300534597,5.411255411255392,-8.436724565756831,97000.0,0.0
98000.0,0.25,0.0,98000.0,58.9,21.87440597936419,17.469879518072283,-4.314720812182745,98000.0,0.0
99000.0,0.265625,0.0,99000.0,59.199999999999996,23.322107288910267,14.105263157894726,-12.087912087912098,99000.0,0.0
100000.0,0.265625,0.0,100000.0,59.599999999999994,22.664624808575795,15.481171548117146,-4.123711340206189,100000.0,0.0