learning evaluation instances,evaluation time (cpu seconds),model cost (RAM-Hours),learned instances,detected changes,detected warnings,prediction error (average),true changes,delay detection (average),true changes detected,input values,model training instances,model serialized size (bytes)
10.0,0.0,0.0,10.0,0.0,0.0,0.15456349206349207,0.0,?,0.0,0.2,10.0,0.0
20.0,0.078125,0.0,20.0,0.0,0.0,0.24874150273531076,0.0,?,0.0,0.2,20.0,0.0
30.0,0.125,0.0,30.0,0.0,0.0,0.276112880668223,0.0,?,0.0,0.2,30.0,0.0
40.0,0.1875,0.0,40.0,0.0,0.0,0.3229322098270542,0.0,?,0.0,0.2,40.0,0.0
50.0,0.25,0.0,50.0,0.0,0.0,0.32844518096897174,0.0,?,0.0,0.2,50.0,0.0
60.0,0.296875,0.0,60.0,0.0,0.0,0.31050399906527226,0.0,?,0.0,0.2,60.0,0.0
70.0,0.359375,0.0,70.0,0.0,0.0,0.3026350323393568,0.0,?,0.0,0.2,70.0,0.0
80.0,0.421875,0.0,80.0,0.0,0.0,0.2951418027622602,0.0,?,0.0,0.2,80.0,0.0
90.0,0.46875,0.0,90.0,0.0,0.0,0.2966263808556247,0.0,?,0.0,0.2,90.0,0.0
100.0,0.515625,0.0,100.0,0.0,0.0,0.3168700734258013,0.0,?,0.0,0.2,100.0,0.0
110.0,0.578125,0.0,110.0,0.0,0.0,0.3063463358578413,0.0,?,0.0,0.2,110.0,0.0
120.0,0.625,0.0,120.0,0.0,0.0,0.30702629789451646,0.0,?,0.0,0.2,120.0,0.0
130.0,0.6875,0.0,130.0,0.0,0.0,0.3028465375911227,0.0,?,0.0,0.2,130.0,0.0
140.0,0.75,0.0,140.0,0.0,0.0,0.3034842051149651,0.0,?,0.0,0.2,140.0,0.0
150.0,0.8125,0.0,150.0,0.0,0.0,0.2997380916110292,0.0,?,0.0,0.2,150.0,0.0
160.0,0.875,0.0,160.0,0.0,0.0,0.31239502278189357,0.0,?,0.0,0.2,160.0,0.0
170.0,0.921875,0.0,170.0,0.0,0.0,0.3054652105326242,0.0,?,0.0,0.2,170.0,0.0
180.0,0.984375,0.0,180.0,0.0,0.0,0.30609994359795495,0.0,?,0.0,0.2,180.0,0.0
190.0,1.03125,0.0,190.0,0.0,0.0,0.30318561832122415,0.0,?,0.0,0.2,190.0,0.0
200.0,1.09375,0.0,200.0,0.0,0.0,0.30358834679438085,0.0,?,0.0,0.2,200.0,0.0
210.0,1.15625,0.0,210.0,0.0,0.0,0.30083968009390205,0.0,?,0.0,0.2,210.0,0.0
220.0,1.21875,0.0,220.0,0.0,0.0,0.3071769103396937,0.0,?,0.0,0.2,220.0,0.0
230.0,1.265625,0.0,230.0,0.0,0.0,0.30758086242918226,0.0,?,0.0,0.2,230.0,0.0
240.0,1.328125,0.0,240.0,0.0,0.0,0.30785840796613584,0.0,?,0.0,0.2,240.0,0.0
250.0,1.375,0.0,250.0,0.0,0.0,0.3105808920548431,0.0,?,0.0,0.2,250.0,0.0
260.0,1.4375,0.0,260.0,0.0,0.0,0.31560124063516026,0.0,?,0.0,0.2,260.0,0.0
270.0,1.5,0.0,270.0,0.0,0.0,0.3158621008564906,0.0,?,0.0,0.2,270.0,0.0
280.0,1.546875,0.0,280.0,0.0,0.0,0.31396344892746786,0.0,?,0.0,0.2,280.0,0.0
290.0,1.609375,0.0,290.0,0.0,0.0,0.31628416455060465,0.0,?,0.0,0.2,290.0,0.0
300.0,1.671875,0.0,300.0,0.0,0.0,0.31650089361268874,0.0,?,0.0,0.2,300.0,0.0
310.0,1.734375,0.0,310.0,0.0,0.0,0.3167131795036962,0.0,?,0.0,0.2,310.0,0.0
320.0,1.796875,0.0,320.0,0.0,0.0,0.3187721281637851,0.0,?,0.0,0.2,320.0,0.0
330.0,1.859375,0.0,330.0,0.0,0.0,0.3207248795658641,0.0,?,0.0,0.2,330.0,0.0
340.0,1.9375,0.0,340.0,0.0,0.0,0.3225747210404279,0.0,?,0.0,0.2,340.0,0.0
350.0,2.0,0.0,350.0,0.0,0.0,0.3210420434300804,0.0,?,0.0,0.2,350.0,0.0
360.0,2.0625,0.0,360.0,0.0,0.0,0.32278385887835537,0.0,?,0.0,0.2,360.0,0.0
370.0,2.109375,0.0,370.0,0.0,0.0,0.31969558565726386,0.0,?,0.0,0.2,370.0,0.0
380.0,2.171875,0.0,380.0,0.0,0.0,0.3166233120446336,0.0,?,0.0,0.2,380.0,0.0
390.0,2.234375,0.0,390.0,0.0,0.0,0.31516356745970237,0.0,?,0.0,0.2,390.0,0.0
400.0,2.28125,0.0,400.0,0.0,0.0,0.3121643313894511,0.0,?,0.0,0.2,400.0,0.0
410.0,2.34375,0.0,410.0,0.0,0.0,0.31376449949539087,0.0,?,0.0,0.2,410.0,0.0
420.0,2.40625,0.0,420.0,0.0,0.0,0.3138426609707355,0.0,?,0.0,0.2,420.0,0.0
430.0,2.453125,0.0,430.0,0.0,0.0,0.31247972766519383,0.0,?,0.0,0.2,430.0,0.0
440.0,2.515625,0.0,440.0,0.0,0.0,0.31258731455258054,0.0,?,0.0,0.2,440.0,0.0
450.0,2.578125,0.0,450.0,0.0,0.0,0.3154308955244542,0.0,?,0.0,0.2,450.0,0.0
460.0,2.625,0.0,460.0,0.0,0.0,0.318149433333843,0.0,?,0.0,0.2,460.0,0.0
470.0,2.6875,0.0,470.0,0.0,0.0,0.3207675004460234,0.0,?,0.0,0.2,470.0,0.0
480.0,2.75,0.0,480.0,0.0,0.0,0.3208556064768194,0.0,?,0.0,0.2,480.0,0.0
490.0,2.796875,0.0,490.0,0.0,0.0,0.32213819875922534,0.0,?,0.0,0.2,490.0,0.0
500.0,2.859375,0.0,500.0,0.0,0.0,0.3210080516729196,1.0,0.0,0.0,0.2,500.0,0.0
510.0,2.90625,0.0,510.0,0.0,0.0,0.3233763019991642,1.0,0.0,0.0,0.21000000000000002,510.0,0.0
520.0,2.96875,0.0,520.0,0.0,0.0,0.322302433082329,1.0,0.0,0.0,0.22,520.0,0.0
530.0,3.03125,0.0,530.0,0.0,0.0,0.3223510716951112,1.0,0.0,0.0,0.23,530.0,0.0
540.0,3.078125,0.0,540.0,0.0,0.0,0.3223881069492873,1.0,0.0,0.0,0.24000000000000002,540.0,0.0
550.0,3.140625,0.0,550.0,0.0,0.0,0.32241449594363275,1.0,0.0,0.0,0.25,550.0,0.0
560.0,3.1875,0.0,560.0,0.0,0.0,0.3234983644991436,1.0,0.0,0.0,0.26,560.0,0.0
570.0,3.234375,0.0,570.0,0.0,0.0,0.32559535058302586,1.0,0.0,0.0,0.27,570.0,0.0
580.0,3.296875,0.0,580.0,0.0,0.0,0.32762586093086943,1.0,0.0,0.0,0.28,580.0,0.0
590.0,3.34375,0.0,590.0,0.0,0.0,0.3286251366877661,1.0,0.0,0.0,0.29000000000000004,590.0,0.0
600.0,3.40625,0.0,600.0,0.0,0.0,0.32865565700796556,1.0,0.0,0.0,0.30000000000000004,600.0,0.0
610.0,3.46875,0.0,610.0,0.0,0.0,0.3296263597477463,1.0,0.0,0.0,0.31,610.0,0.0
620.0,3.515625,0.0,620.0,0.0,0.0,0.33237423821992834,1.0,0.0,0.0,0.32,620.0,0.0
630.0,3.578125,0.0,630.0,0.0,0.0,0.33415881746663106,1.0,0.0,0.0,0.33,630.0,0.0
640.0,3.640625,0.0,640.0,0.0,0.0,0.3367515550285646,1.0,0.0,0.0,0.34,640.0,0.0
650.0,3.6875,0.0,650.0,0.0,0.0,0.3384252342106805,1.0,0.0,0.0,0.35,650.0,0.0
660.0,3.734375,0.0,660.0,0.0,0.0,0.33925426733699565,1.0,0.0,0.0,0.36,660.0,0.0
670.0,3.796875,0.0,670.0,0.0,0.0,0.33927175551687666,1.0,0.0,0.0,0.37,670.0,0.0
680.0,3.84375,0.0,680.0,0.0,0.0,0.34006580684792637,1.0,0.0,0.0,0.38,680.0,0.0
690.0,3.90625,0.0,690.0,0.0,0.0,0.3416203930417116,1.0,0.0,0.0,0.39,690.0,0.0
700.0,3.953125,0.0,700.0,0.0,0.0,0.3423775070173693,1.0,0.0,0.0,0.4,700.0,0.0
710.0,4.0,0.0,710.0,0.0,0.0,0.3416261372772606,1.0,0.0,0.0,0.41000000000000003,710.0,0.0
720.0,4.0625,0.0,720.0,0.0,0.0,0.34162150463617547,1.0,0.0,0.0,0.42000000000000004,720.0,0.0
730.0,4.109375,0.0,730.0,0.0,0.0,0.3452303599456585,1.0,0.0,0.0,0.43000000000000005,730.0,0.0
740.0,4.171875,0.0,740.0,0.0,0.0,0.3473212253130416,1.0,0.0,0.0,0.44,740.0,0.0
750.0,4.21875,0.0,750.0,0.0,0.0,0.34936732249597585,1.0,0.0,0.0,0.45,750.0,0.0
760.0,4.28125,0.0,760.0,0.0,0.0,0.35003050953323284,1.0,0.0,0.0,0.46,760.0,0.0
770.0,4.34375,0.0,770.0,0.0,0.0,0.35133431868792997,1.0,0.0,0.0,0.47000000000000003,770.0,0.0
780.0,4.390625,0.0,780.0,0.0,0.0,0.35197022576241055,1.0,0.0,0.0,0.48000000000000004,780.0,0.0
790.0,4.453125,0.0,790.0,0.0,0.0,0.3525930970130242,1.0,0.0,0.0,0.49,790.0,0.0
800.0,4.515625,0.0,800.0,0.0,0.0,0.35505400989065694,1.0,0.0,0.0,0.5,800.0,0.0
810.0,4.5625,0.0,810.0,0.0,0.0,0.35685064457965,1.0,0.0,0.0,0.51,810.0,0.0
820.0,4.625,0.0,820.0,0.0,0.0,0.35859830635306517,1.0,0.0,0.0,0.52,820.0,0.0
830.0,4.671875,0.0,830.0,0.0,0.0,0.361432303435546,1.0,0.0,0.0,0.53,830.0,0.0
840.0,4.734375,0.0,840.0,0.0,0.0,0.3641755137550845,1.0,0.0,0.0,0.54,840.0,0.0
850.0,4.796875,0.0,850.0,0.0,0.0,0.3663077095057945,1.0,0.0,0.0,0.55,850.0,0.0
860.0,4.84375,0.0,860.0,0.0,0.0,0.3678653712924595,1.0,0.0,0.0,0.56,860.0,0.0
870.0,4.90625,0.0,870.0,6.0,0.0,0.37022889545112914,1.0,365.0,1.0,0.5700000000000001,870.0,0.0
880.0,4.96875,0.0,880.0,16.0,0.0,0.3725149820052734,1.0,365.0,1.0,0.5800000000000001,880.0,0.0
890.0,5.015625,0.0,890.0,26.0,0.0,0.37355846378832225,1.0,365.0,1.0,0.5900000000000001,890.0,0.0
900.0,5.078125,0.0,900.0,36.0,0.0,0.3748964141653956,1.0,365.0,1.0,0.6000000000000001,900.0,0.0
910.0,5.125,0.0,910.0,46.0,0.0,0.3765754214868311,1.0,365.0,1.0,0.6100000000000001,910.0,0.0
920.0,5.1875,0.0,920.0,56.0,0.0,0.37849561219980765,1.0,365.0,1.0,0.62,920.0,0.0
930.0,5.25,0.0,930.0,66.0,0.0,0.3806165636757246,1.0,365.0,1.0,0.63,930.0,0.0
940.0,5.296875,0.0,940.0,76.0,0.0,0.3822031198072869,1.0,365.0,1.0,0.64,940.0,0.0
950.0,5.359375,0.0,950.0,86.0,0.0,0.38373168712182143,1.0,365.0,1.0,0.65,950.0,0.0
960.0,5.40625,0.0,960.0,96.0,0.0,0.38507842921147983,1.0,365.0,1.0,0.66,960.0,0.0
970.0,5.484375,0.0,970.0,106.0,0.0,0.3862688791291857,1.0,365.0,1.0,0.67,970.0,0.0
980.0,5.53125,0.0,980.0,116.0,0.0,0.38754860065945,1.0,365.0,1.0,0.6799999999999999,980.0,0.0
990.0,5.59375,0.0,990.0,126.0,0.0,0.38881706260948207,1.0,365.0,1.0,0.69,990.0,0.0
1000.0,5.65625,0.0,1000.0,136.0,0.0,0.38999222152855095,1.0,365.0,1.0,0.7,1000.0,0.0
1010.0,5.71875,0.0,1010.0,146.0,0.0,0.3911357658858342,1.0,365.0,1.0,0.71,1010.0,0.0
1020.0,5.78125,0.0,1020.0,156.0,0.0,0.3921973008011433,1.0,365.0,1.0,0.72,1020.0,0.0
1030.0,5.828125,0.0,1030.0,166.0,0.0,0.3932232232937163,1.0,365.0,1.0,0.73,1030.0,0.0
1040.0,5.890625,0.0,1040.0,176.0,0.0,0.39421425708823843,1.0,365.0,1.0,0.74,1040.0,0.0
1050.0,5.9375,0.0,1050.0,186.0,0.0,0.39513353918398725,1.0,365.0,1.0,0.75,1050.0,0.0
1060.0,6.0,0.0,1060.0,196.0,0.0,0.39601911604491286,1.0,365.0,1.0,0.76,1060.0,0.0
1070.0,6.0625,0.0,1070.0,206.0,0.0,0.39671760407153217,1.0,365.0,1.0,0.77,1070.0,0.0
1080.0,6.125,0.0,1080.0,216.0,0.0,0.39739087521031596,1.0,365.0,1.0,0.78,1080.0,0.0
1090.0,6.171875,0.0,1090.0,226.0,0.0,0.39788223921438154,1.0,365.0,1.0,0.79,1090.0,0.0
1100.0,6.234375,0.0,1100.0,236.0,0.0,0.39799015779684327,1.0,365.0,1.0,0.8,1100.0,0.0
1110.0,6.296875,0.0,1110.0,246.0,0.0,0.39800395073512257,1.0,365.0,1.0,0.81,1110.0,0.0
1120.0,6.34375,0.0,1120.0,256.0,0.0,0.398922068496615,1.0,365.0,1.0,0.8200000000000001,1120.0,0.0
1130.0,6.40625,0.0,1130.0,266.0,0.0,0.3992586153769376,1.0,365.0,1.0,0.8300000000000001,1130.0,0.0
1140.0,6.46875,0.0,1140.0,276.0,0.0,0.39995921853957667,1.0,365.0,1.0,0.8400000000000001,1140.0,0.0
1150.0,6.515625,0.0,1150.0,286.0,0.0,0.4002601014249264,1.0,365.0,1.0,0.8500000000000001,1150.0,0.0
1160.0,6.578125,0.0,1160.0,296.0,0.0,0.4001202158060244,1.0,365.0,1.0,0.8600000000000001,1160.0,0.0
1170.0,6.640625,0.0,1170.0,306.0,0.0,0.39991143812076746,1.0,365.0,1.0,0.8700000000000001,1170.0,0.0
1180.0,6.703125,0.0,1180.0,316.0,0.0,0.40010234997168265,1.0,365.0,1.0,0.8800000000000001,1180.0,0.0
1190.0,6.78125,0.0,1190.0,326.0,0.0,0.39963468669131724,1.0,365.0,1.0,0.8900000000000001,1190.0,0.0
1200.0,6.828125,0.0,1200.0,336.0,0.0,0.3993019599740481,1.0,365.0,1.0,0.9000000000000001,1200.0,0.0
1210.0,6.890625,0.0,1210.0,346.0,0.0,0.39863381107361495,1.0,365.0,1.0,0.9099999999999999,1210.0,0.0
1220.0,6.953125,0.0,1220.0,356.0,0.0,0.3979181492938404,1.0,365.0,1.0,0.9199999999999999,1220.0,0.0
1230.0,7.015625,0.0,1230.0,366.0,0.0,0.39715867446464403,1.0,365.0,1.0,0.9299999999999999,1230.0,0.0
1240.0,7.0625,0.0,1240.0,376.0,0.0,0.3966906600074197,1.0,365.0,1.0,0.94,1240.0,0.0
1250.0,7.140625,0.0,1250.0,386.0,0.0,0.3958048726906002,1.0,365.0,1.0,0.95,1250.0,0.0
1260.0,7.203125,0.0,1260.0,396.0,0.0,0.39463604192996876,1.0,365.0,1.0,0.96,1260.0,0.0
1270.0,7.265625,0.0,1270.0,406.0,0.0,0.39344036659772086,1.0,365.0,1.0,0.97,1270.0,0.0
1280.0,7.3125,0.0,1280.0,416.0,0.0,0.39222050540647124,1.0,365.0,1.0,0.98,1280.0,0.0
1290.0,7.375,0.0,1290.0,426.0,0.0,0.39058959008379146,1.0,365.0,1.0,0.99,1290.0,0.0
1300.0,7.4375,0.0,1300.0,436.0,0.0,0.3889419445262806,1.0,365.0,1.0,1.0,1300.0,0.0
1310.0,7.5,0.0,1310.0,446.0,0.0,0.38728036179155984,1.0,365.0,1.0,1.0,1310.0,0.0
1320.0,7.5625,0.0,1320.0,456.0,0.0,0.38537078536508085,1.0,365.0,1.0,1.0,1320.0,0.0
1330.0,7.609375,0.0,1330.0,466.0,0.0,0.383399120594226,1.0,365.0,1.0,1.0,1330.0,0.0
1340.0,7.65625,0.0,1340.0,476.0,0.0,0.3814272826749773,1.0,365.0,1.0,1.0,1340.0,0.0
1350.0,7.71875,0.0,1350.0,486.0,0.0,0.3792394871559026,1.0,365.0,1.0,1.0,1350.0,0.0
1360.0,7.765625,0.0,1360.0,496.0,0.0,0.37692005916268057,1.0,365.0,1.0,1.0,1360.0,0.0
1370.0,7.828125,0.0,1370.0,506.0,0.0,0.37461764600740305,1.0,365.0,1.0,1.0,1370.0,0.0
1380.0,7.890625,0.0,1380.0,516.0,0.0,0.372333045591992,1.0,365.0,1.0,1.0,1380.0,0.0
1390.0,7.9375,0.0,1390.0,526.0,0.0,0.3700669155032754,1.0,365.0,1.0,1.0,1390.0,0.0
1400.0,8.0,0.0,1400.0,536.0,0.0,0.36781979323736036,1.0,365.0,1.0,1.0,1400.0,0.0
1410.0,8.0625,0.0,1410.0,546.0,0.0,0.3655921131758168,1.0,365.0,1.0,1.0,1410.0,0.0
1420.0,8.109375,0.0,1420.0,556.0,0.0,0.3633842209097252,1.0,365.0,1.0,1.0,1420.0,0.0
1430.0,8.234375,0.0,1430.0,566.0,0.0,0.3611963853841873,1.0,365.0,1.0,1.0,1430.0,0.0
1440.0,8.296875,0.0,1440.0,576.0,0.0,0.35902880924082836,1.0,365.0,1.0,1.0,1440.0,0.0
1450.0,8.34375,0.0,1450.0,586.0,0.0,0.3568816376620112,1.0,365.0,1.0,1.0,1450.0,0.0
1460.0,8.40625,0.0,1460.0,596.0,0.0,0.35475496596270045,1.0,365.0,1.0,1.0,1460.0,0.0
1470.0,8.46875,0.0,1470.0,606.0,0.0,0.35264884613036707,1.0,365.0,1.0,1.0,1470.0,0.0
1480.0,8.515625,0.0,1480.0,616.0,0.0,0.3505632924771604,1.0,365.0,1.0,1.0,1480.0,0.0
1490.0,8.578125,0.0,1490.0,626.0,0.0,0.3484982865396705,1.0,365.0,1.0,1.0,1490.0,0.0
1500.0,8.640625,0.0,1500.0,636.0,0.0,0.3464537813383709,1.0,365.0,1.0,1.0,1500.0,0.0
1510.0,8.6875,0.0,1510.0,646.0,0.0,0.3444297050900307,1.0,365.0,1.0,1.0,1510.0,0.0
1520.0,8.75,0.0,1520.0,656.0,0.0,0.3424259644511046,1.0,365.0,1.0,1.0,1520.0,0.0
1530.0,8.8125,0.0,1530.0,666.0,0.0,0.34044244735761064,1.0,365.0,1.0,1.0,1530.0,0.0
1540.0,8.859375,0.0,1540.0,676.0,0.0,0.33847902551673853,1.0,365.0,1.0,1.0,1540.0,0.0
1550.0,8.921875,0.0,1550.0,686.0,0.0,0.3365355565969576,1.0,365.0,1.0,1.0,1550.0,0.0
1560.0,8.96875,0.0,1560.0,696.0,0.0,0.33461188615636434,1.0,365.0,1.0,1.0,1560.0,0.0
1570.0,9.03125,0.0,1570.0,706.0,0.0,0.33270784934315745,1.0,365.0,1.0,1.0,1570.0,0.0
1580.0,9.09375,0.0,1580.0,716.0,0.0,0.3308232723972359,1.0,365.0,1.0,1.0,1580.0,0.0
1590.0,9.140625,0.0,1590.0,726.0,0.0,0.3289579739778072,1.0,365.0,1.0,1.0,1590.0,0.0
1600.0,9.203125,0.0,1600.0,736.0,0.0,0.327111766338432,1.0,365.0,1.0,1.0,1600.0,0.0
1610.0,9.328125,0.0,1610.0,746.0,0.0,0.3252844563680078,1.0,365.0,1.0,1.0,1610.0,0.0
1620.0,9.375,0.0,1620.0,756.0,0.0,0.32347584651370864,1.0,365.0,1.0,1.0,1620.0,0.0
1630.0,9.4375,0.0,1630.0,766.0,0.0,0.32168573559978897,1.0,365.0,1.0,1.0,1630.0,0.0
1640.0,9.5,0.0,1640.0,776.0,0.0,0.319913919554353,1.0,365.0,1.0,1.0,1640.0,0.0
1650.0,9.546875,0.0,1650.0,786.0,0.0,0.3181601920546483,1.0,365.0,1.0,1.0,1650.0,0.0
1660.0,9.609375,0.0,1660.0,796.0,0.0,0.31642434510011597,1.0,365.0,1.0,1.0,1660.0,0.0
1670.0,9.671875,0.0,1670.0,806.0,0.0,0.31470616952128666,1.0,365.0,1.0,1.0,1670.0,0.0
1680.0,9.71875,0.0,1680.0,816.0,0.0,0.31300545543162717,1.0,365.0,1.0,1.0,1680.0,0.0
1690.0,9.78125,0.0,1690.0,826.0,0.0,0.31132199262858795,1.0,365.0,1.0,1.0,1690.0,0.0
1700.0,9.828125,0.0,1700.0,836.0,0.0,0.3096555709493632,1.0,365.0,1.0,1.0,1700.0,0.0
1710.0,9.890625,0.0,1710.0,846.0,0.0,0.30800598058622786,1.0,365.0,1.0,1.0,1710.0,0.0
1720.0,9.953125,0.0,1720.0,856.0,0.0,0.3063730123657602,1.0,365.0,1.0,1.0,1720.0,0.0
1730.0,10.0,0.0,1730.0,866.0,0.0,0.3047564579957632,1.0,365.0,1.0,1.0,1730.0,0.0
1740.0,10.0625,0.0,1740.0,876.0,0.0,0.30315611028327166,1.0,365.0,1.0,1.0,1740.0,0.0
1750.0,10.109375,0.0,1750.0,886.0,0.0,0.3015717633266574,1.0,365.0,1.0,1.0,1750.0,0.0
1760.0,10.171875,0.0,1760.0,896.0,0.0,0.3000032126845098,1.0,365.0,1.0,1.0,1760.0,0.0
1770.0,10.234375,0.0,1770.0,906.0,0.0,0.2984502555236839,1.0,365.0,1.0,1.0,1770.0,0.0
1780.0,10.28125,0.0,1780.0,916.0,0.0,0.29691269074864535,1.0,365.0,1.0,1.0,1780.0,0.0
1790.0,10.40625,0.0,1790.0,926.0,0.0,0.29539031911402086,1.0,365.0,1.0,1.0,1790.0,0.0
1800.0,10.46875,0.0,1800.0,936.0,0.0,0.2937838194640368,1.0,365.0,1.0,1.0,1800.0,0.0
1810.0,10.515625,0.0,1810.0,946.0,0.0,0.2921700927035913,1.0,365.0,1.0,1.0,1810.0,0.0
1820.0,10.578125,0.0,1820.0,956.0,0.0,0.2905739431956595,1.0,365.0,1.0,1.0,1820.0,0.0
1830.0,10.640625,0.0,1830.0,966.0,0.0,0.2889950878885327,1.0,365.0,1.0,1.0,1830.0,0.0
1840.0,10.6875,0.0,1840.0,976.0,0.0,0.2874332496377507,1.0,365.0,1.0,1.0,1840.0,0.0
1850.0,10.765625,0.0,1850.0,986.0,0.0,0.28588815706202453,1.0,365.0,1.0,1.0,1850.0,0.0
1860.0,10.828125,0.0,1860.0,996.0,0.0,0.28435954440259076,1.0,365.0,1.0,1.0,1860.0,0.0
1870.0,10.90625,0.0,1870.0,1006.0,0.0,0.2828471513859845,1.0,365.0,1.0,1.0,1870.0,0.0
1880.0,10.96875,0.0,1880.0,1016.0,0.0,0.2813507230902022,1.0,365.0,1.0,1.0,1880.0,0.0
1890.0,11.015625,0.0,1890.0,1026.0,0.0,0.279870009814216,1.0,365.0,1.0,1.0,1890.0,0.0
1900.0,11.078125,0.0,1900.0,1036.0,0.0,0.27840476695079663,1.0,365.0,1.0,1.0,1900.0,0.0
1910.0,11.140625,0.0,1910.0,1046.0,0.0,0.2769547548625921,1.0,365.0,1.0,1.0,1910.0,0.0
1920.0,11.1875,0.0,1920.0,1056.0,0.0,0.2755197387614088,1.0,365.0,1.0,1.0,1920.0,0.0
1930.0,11.265625,0.0,1930.0,1066.0,0.0,0.2740994885906342,1.0,365.0,1.0,1.0,1930.0,0.0
1940.0,11.3125,0.0,1940.0,1076.0,0.0,0.272693778910738,1.0,365.0,1.0,1.0,1940.0,0.0
1950.0,11.375,0.0,1950.0,1086.0,0.0,0.27130238878778845,1.0,365.0,1.0,1.0,1950.0,0.0
1960.0,11.53125,0.0,1960.0,1096.0,0.0,0.26992510168491596,1.0,365.0,1.0,1.0,1960.0,0.0
1970.0,11.59375,0.0,1970.0,1106.0,0.0,0.2685617053566569,1.0,365.0,1.0,1.0,1970.0,0.0
1980.0,11.65625,0.0,1980.0,1116.0,0.0,0.2672119917461092,1.0,365.0,1.0,1.0,1980.0,0.0
1990.0,11.703125,0.0,1990.0,1126.0,0.0,0.26587575688483145,1.0,365.0,1.0,1.0,1990.0,0.0
2000.0,11.765625,0.0,2000.0,1136.0,0.0,0.26455280079541554,1.0,365.0,1.0,1.0,2000.0,0.0
2010.0,11.8125,0.0,2010.0,1146.0,0.0,0.26324292739666744,1.0,365.0,1.0,1.0,2010.0,0.0
2020.0,11.875,0.0,2020.0,1156.0,0.0,0.2619459444113246,1.0,365.0,1.0,1.0,2020.0,0.0
2030.0,11.9375,0.0,2030.0,1166.0,0.0,0.26066166327624646,1.0,365.0,1.0,1.0,2030.0,0.0
2040.0,11.984375,0.0,2040.0,1176.0,0.0,0.25938989905500937,1.0,365.0,1.0,1.0,2040.0,0.0
2050.0,12.046875,0.0,2050.0,1186.0,0.0,0.2581304703528423,1.0,365.0,1.0,1.0,2050.0,0.0
2060.0,12.109375,0.0,2060.0,1196.0,0.0,0.25688319923383895,1.0,365.0,1.0,1.0,2060.0,0.0
2070.0,12.15625,0.0,2070.0,1206.0,0.0,0.2556479111403829,1.0,365.0,1.0,1.0,2070.0,0.0
2080.0,12.21875,0.0,2080.0,1216.0,0.0,0.25442443481472476,1.0,365.0,1.0,1.0,2080.0,0.0
2090.0,12.28125,0.0,2090.0,1226.0,0.0,0.25321260222265196,1.0,365.0,1.0,1.0,2090.0,0.0
2100.0,12.328125,0.0,2100.0,1236.0,0.0,0.25201224847919007,1.0,365.0,1.0,1.0,2100.0,0.0
2110.0,12.390625,0.0,2110.0,1246.0,0.0,0.25082321177628,1.0,365.0,1.0,1.0,2110.0,0.0
2120.0,12.4375,0.0,2120.0,1256.0,0.0,0.2496453333123748,1.0,365.0,1.0,1.0,2120.0,0.0
2130.0,12.5,0.0,2130.0,1266.0,0.0,0.24847845722390086,1.0,365.0,1.0,1.0,2130.0,0.0
2140.0,12.734375,0.0,2140.0,1276.0,0.0,0.24732243051853026,1.0,365.0,1.0,1.0,2140.0,0.0
2150.0,12.796875,0.0,2150.0,1286.0,0.0,0.24617710301021214,1.0,365.0,1.0,1.0,2150.0,0.0
2160.0,12.84375,0.0,2160.0,1296.0,0.0,0.24504232725591418,1.0,365.0,1.0,1.0,2160.0,0.0
2170.0,12.90625,0.0,2170.0,1306.0,0.0,0.243917958494023,1.0,365.0,1.0,1.0,2170.0,0.0
2180.0,12.953125,0.0,2180.0,1316.0,0.0,0.24280385458435666,1.0,365.0,1.0,1.0,2180.0,0.0
2190.0,13.015625,0.0,2190.0,1326.0,0.0,0.24169987594974335,1.0,365.0,1.0,1.0,2190.0,0.0
2200.0,13.078125,0.0,2200.0,1336.0,0.0,0.2406058855191206,1.0,365.0,1.0,1.0,2200.0,0.0
2210.0,13.125,0.0,2210.0,1346.0,0.0,0.239521748672111,1.0,365.0,1.0,1.0,2210.0,0.0
2220.0,13.171875,0.0,2220.0,1356.0,0.0,0.2384473331850327,1.0,365.0,1.0,1.0,2220.0,0.0
2230.0,13.234375,0.0,2230.0,1366.0,0.0,0.23738250917830303,1.0,365.0,1.0,1.0,2230.0,0.0
2240.0,13.28125,0.0,2240.0,1376.0,0.0,0.23632714906519478,1.0,365.0,1.0,1.0,2240.0,0.0
2250.0,13.34375,0.0,2250.0,1386.0,0.0,0.23528112750190708,1.0,365.0,1.0,1.0,2250.0,0.0
2260.0,13.390625,0.0,2260.0,1396.0,0.0,0.2342443213389125,1.0,365.0,1.0,1.0,2260.0,0.0
2270.0,13.4375,0.0,2270.0,1406.0,0.0,0.2332166095735446,1.0,365.0,1.0,1.0,2270.0,0.0
2280.0,13.5,0.0,2280.0,1416.0,0.0,0.2321978733037893,1.0,365.0,1.0,1.0,2280.0,0.0
2290.0,13.5625,0.0,2290.0,1426.0,0.0,0.23118799568324674,1.0,365.0,1.0,1.0,2290.0,0.0
2300.0,13.609375,0.0,2300.0,1436.0,0.0,0.23018686187722967,1.0,365.0,1.0,1.0,2300.0,0.0
2310.0,13.65625,0.0,2310.0,1446.0,0.0,0.2291943590199665,1.0,365.0,1.0,1.0,2310.0,0.0
2320.0,13.921875,0.0,2320.0,1456.0,0.0,0.22821037617287665,1.0,365.0,1.0,1.0,2320.0,0.0
2330.0,13.984375,0.0,2330.0,1466.0,0.0,0.22723480428388956,1.0,365.0,1.0,1.0,2330.0,0.0
2340.0,14.046875,0.0,2340.0,1476.0,0.0,0.22626753614777564,1.0,365.0,1.0,1.0,2340.0,0.0
2350.0,14.109375,0.0,2350.0,1486.0,0.0,0.2253084663674627,1.0,365.0,1.0,1.0,2350.0,0.0
2360.0,14.1875,0.0,2360.0,1496.0,0.0,0.22435749131630842,1.0,365.0,1.0,1.0,2360.0,0.0
2370.0,14.234375,0.0,2370.0,1506.0,0.0,0.22341450910130328,1.0,365.0,1.0,1.0,2370.0,0.0
2380.0,14.296875,0.0,2380.0,1516.0,0.0,0.22247941952717698,1.0,365.0,1.0,1.0,2380.0,0.0
2390.0,14.359375,0.0,2390.0,1526.0,0.0,0.2215521240613839,1.0,365.0,1.0,1.0,2390.0,0.0
2400.0,14.40625,0.0,2400.0,1536.0,0.0,0.22063252579994222,1.0,365.0,1.0,1.0,2400.0,0.0
2410.0,14.46875,0.0,2410.0,1546.0,0.0,0.21972052943410367,1.0,365.0,1.0,1.0,2410.0,0.0
2420.0,14.515625,0.0,2420.0,1556.0,0.0,0.21881604121783063,1.0,365.0,1.0,1.0,2420.0,0.0
2430.0,14.5625,0.0,2430.0,1566.0,0.0,0.2179189689360583,1.0,365.0,1.0,1.0,2430.0,0.0
2440.0,14.625,0.0,2440.0,1576.0,0.0,0.2170292218737201,1.0,365.0,1.0,1.0,2440.0,0.0
2450.0,14.671875,0.0,2450.0,1586.0,0.0,0.21614671078551598,1.0,365.0,1.0,1.0,2450.0,0.0
2460.0,14.734375,0.0,2460.0,1596.0,0.0,0.2152713478664023,1.0,365.0,1.0,1.0,2460.0,0.0
2470.0,14.78125,0.0,2470.0,1606.0,0.0,0.214403046722784,1.0,365.0,1.0,1.0,2470.0,0.0
2480.0,14.84375,0.0,2480.0,1616.0,0.0,0.2135417223443905,1.0,365.0,1.0,1.0,2480.0,0.0
2490.0,15.0625,0.0,2490.0,1626.0,0.0,0.21268729107681583,1.0,365.0,1.0,1.0,2490.0,0.0
2500.0,15.125,0.0,2500.0,1636.0,0.0,0.21183967059470568,1.0,365.0,1.0,1.0,2500.0,0.0
2510.0,15.171875,0.0,2510.0,1646.0,0.0,0.21099877987557356,1.0,365.0,1.0,1.0,2510.0,0.0
2520.0,15.234375,0.0,2520.0,1656.0,0.0,0.21016453917422878,1.0,365.0,1.0,1.0,2520.0,0.0
2530.0,15.296875,0.0,2530.0,1666.0,0.0,0.209336869997801,1.0,365.0,1.0,1.0,2530.0,0.0
2540.0,15.34375,0.0,2540.0,1676.0,0.0,0.20851569508134427,1.0,365.0,1.0,1.0,2540.0,0.0
2550.0,15.40625,0.0,2550.0,1686.0,0.0,0.20770093836400547,1.0,365.0,1.0,1.0,2550.0,0.0
2560.0,15.46875,0.0,2560.0,1696.0,0.0,0.20689252496574206,1.0,365.0,1.0,1.0,2560.0,0.0
2570.0,15.515625,0.0,2570.0,1706.0,0.0,0.20609038116457534,1.0,365.0,1.0,1.0,2570.0,0.0
2580.0,15.578125,0.0,2580.0,1716.0,0.0,0.20529443437436343,1.0,365.0,1.0,1.0,2580.0,0.0
2590.0,15.640625,0.0,2590.0,1726.0,0.0,0.20450461312308194,1.0,365.0,1.0,1.0,2590.0,0.0
2600.0,15.6875,0.0,2600.0,1736.0,0.0,0.20372084703159846,1.0,365.0,1.0,1.0,2600.0,0.0
2610.0,15.75,0.0,2610.0,1746.0,0.0,0.20294306679292712,1.0,365.0,1.0,1.0,2610.0,0.0
2620.0,15.8125,0.0,2620.0,1756.0,0.0,0.2021712041519523,1.0,365.0,1.0,1.0,2620.0,0.0
2630.0,15.859375,0.0,2630.0,1766.0,0.0,0.20140519188560785,1.0,365.0,1.0,1.0,2630.0,0.0
2640.0,15.921875,0.0,2640.0,1776.0,0.0,0.20064496378350044,1.0,365.0,1.0,1.0,2640.0,0.0
2650.0,15.96875,0.0,2650.0,1786.0,0.0,0.1998904546289663,1.0,365.0,1.0,1.0,2650.0,0.0
2660.0,16.03125,0.0,2660.0,1796.0,0.0,0.199141600180549,1.0,365.0,1.0,1.0,2660.0,0.0
2670.0,16.328125,0.0,2670.0,1806.0,0.0,0.19839833715388844,1.0,365.0,1.0,1.0,2670.0,0.0
2680.0,16.390625,0.0,2680.0,1816.0,0.0,0.19766060320400988,1.0,365.0,1.0,1.0,2680.0,0.0
2690.0,16.4375,0.0,2690.0,1826.0,0.0,0.19692833690800343,1.0,365.0,1.0,1.0,2690.0,0.0
2700.0,16.5,0.0,2700.0,1836.0,0.0,0.19620147774808316,1.0,365.0,1.0,1.0,2700.0,0.0
2710.0,16.546875,0.0,2710.0,1846.0,0.0,0.19547996609501742,1.0,365.0,1.0,1.0,2710.0,0.0
2720.0,16.609375,0.0,2720.0,1856.0,0.0,0.19476374319191983,1.0,365.0,1.0,1.0,2720.0,0.0
2730.0,16.671875,0.0,2730.0,1866.0,0.0,0.1940527511383928,1.0,365.0,1.0,1.0,2730.0,0.0
2740.0,16.71875,0.0,2740.0,1876.0,0.0,0.193346932875014,1.0,365.0,1.0,1.0,2740.0,0.0
2750.0,16.78125,0.0,2750.0,1886.0,0.0,0.19264623216815768,1.0,365.0,1.0,1.0,2750.0,0.0
2760.0,16.828125,0.0,2760.0,1896.0,0.0,0.19195059359514222,1.0,365.0,1.0,1.0,2760.0,0.0
2770.0,16.875,0.0,2770.0,1906.0,0.0,0.19125996252969643,1.0,365.0,1.0,1.0,2770.0,0.0
2780.0,16.9375,0.0,2780.0,1916.0,0.0,0.1905742851277352,1.0,365.0,1.0,1.0,2780.0,0.0
2790.0,16.984375,0.0,2790.0,1926.0,0.0,0.18989350831343893,1.0,365.0,1.0,1.0,2790.0,0.0
2800.0,17.046875,0.0,2800.0,1936.0,0.0,0.1892175797656274,1.0,365.0,1.0,1.0,2800.0,0.0
2810.0,17.109375,0.0,2810.0,1946.0,0.0,0.18854644790442254,1.0,365.0,1.0,1.0,2810.0,0.0
2820.0,17.1875,0.0,2820.0,1956.0,0.0,0.18788006187819117,1.0,365.0,1.0,1.0,2820.0,0.0
2830.0,17.25,0.0,2830.0,1966.0,0.0,0.1872183715507624,1.0,365.0,1.0,1.0,2830.0,0.0
2840.0,17.3125,0.0,2840.0,1976.0,0.0,0.18656132748891271,1.0,365.0,1.0,1.0,2840.0,0.0
2850.0,17.53125,0.0,2850.0,1986.0,0.0,0.18590888095011132,1.0,365.0,1.0,1.0,2850.0,0.0
2860.0,17.59375,0.0,2860.0,1996.0,0.0,0.1852609838705213,1.0,365.0,1.0,1.0,2860.0,0.0
2870.0,17.640625,0.0,2870.0,2006.0,0.0,0.18461758885324828,1.0,365.0,1.0,1.0,2870.0,0.0
2880.0,17.703125,0.0,2880.0,2016.0,0.0,0.1839786491568321,1.0,365.0,1.0,1.0,2880.0,0.0
2890.0,17.765625,0.0,2890.0,2026.0,0.0,0.18334411868397574,1.0,365.0,1.0,1.0,2890.0,0.0
2900.0,17.8125,0.0,2900.0,2036.0,0.0,0.18271395197050455,1.0,365.0,1.0,1.0,2900.0,0.0
2910.0,17.859375,0.0,2910.0,2046.0,0.0,0.18208810417455226,1.0,365.0,1.0,1.0,2910.0,0.0
2920.0,17.921875,0.0,2920.0,2056.0,0.0,0.18146653106596583,1.0,365.0,1.0,1.0,2920.0,0.0
2930.0,17.96875,0.0,2930.0,2066.0,0.0,0.18084918901592723,1.0,365.0,1.0,1.0,2930.0,0.0
2940.0,18.03125,0.0,2940.0,2076.0,0.0,0.18023603498678392,1.0,365.0,1.0,1.0,2940.0,0.0
2950.0,18.09375,0.0,2950.0,2086.0,0.0,0.1796270265220853,1.0,365.0,1.0,1.0,2950.0,0.0
2960.0,18.140625,0.0,2960.0,2096.0,0.0,0.17902212173681883,1.0,365.0,1.0,1.0,2960.0,0.0
2970.0,18.203125,0.0,2970.0,2106.0,0.0,0.17842127930784263,1.0,365.0,1.0,1.0,2970.0,0.0
2980.0,18.25,0.0,2980.0,2116.0,0.0,0.1778244584645084,1.0,365.0,1.0,1.0,2980.0,0.0
2990.0,18.3125,0.0,2990.0,2126.0,0.0,0.17723161897947226,1.0,365.0,1.0,1.0,2990.0,0.0
3000.0,18.375,0.0,3000.0,2136.0,0.0,0.1766427211596864,1.0,365.0,1.0,1.0,3000.0,0.0
3010.0,18.421875,0.0,3010.0,2146.0,0.0,0.1760577258375704,1.0,365.0,1.0,1.0,3010.0,0.0
3020.0,18.484375,0.0,3020.0,2156.0,0.0,0.1754765943623559,1.0,365.0,1.0,1.0,3020.0,0.0
3030.0,18.8125,0.0,3030.0,2166.0,0.0,0.17489928859160178,1.0,365.0,1.0,1.0,3030.0,0.0
3040.0,18.859375,0.0,3040.0,2176.0,0.0,0.1743257708828752,1.0,365.0,1.0,1.0,3040.0,0.0
3050.0,18.921875,0.0,3050.0,2186.0,0.0,0.17375600408559572,1.0,365.0,1.0,1.0,3050.0,0.0
3060.0,18.984375,0.0,3060.0,2196.0,0.0,0.17318995153303782,1.0,365.0,1.0,1.0,3060.0,0.0
3070.0,19.03125,0.0,3070.0,2206.0,0.0,0.1726275770344887,1.0,365.0,1.0,1.0,3070.0,0.0
3080.0,19.09375,0.0,3080.0,2216.0,0.0,0.17206884486755808,1.0,365.0,1.0,1.0,3080.0,0.0
3090.0,19.15625,0.0,3090.0,2226.0,0.0,0.17151371977063612,1.0,365.0,1.0,1.0,3090.0,0.0
3100.0,19.203125,0.0,3100.0,2236.0,0.0,0.17096216693549623,1.0,365.0,1.0,1.0,3100.0,0.0
3110.0,19.265625,0.0,3110.0,2246.0,0.0,0.17041415200004,1.0,365.0,1.0,1.0,3110.0,0.0
3120.0,19.328125,0.0,3120.0,2256.0,0.0,0.16986964104118057,1.0,365.0,1.0,1.0,3120.0,0.0
3130.0,19.390625,0.0,3130.0,2266.0,0.0,0.1693286005678616,1.0,365.0,1.0,1.0,3130.0,0.0
3140.0,19.4375,0.0,3140.0,2276.0,0.0,0.16879099751420865,1.0,365.0,1.0,1.0,3140.0,0.0
3150.0,19.5,0.0,3150.0,2286.0,0.0,0.16825679923281076,1.0,365.0,1.0,1.0,3150.0,0.0
3160.0,19.5625,0.0,3160.0,2296.0,0.0,0.16772597348812798,1.0,365.0,1.0,1.0,3160.0,0.0
3170.0,19.609375,0.0,3170.0,2306.0,0.0,0.16719848845002355,1.0,365.0,1.0,1.0,3170.0,0.0
3180.0,19.671875,0.0,3180.0,2316.0,0.0,0.16667431268741717,1.0,365.0,1.0,1.0,3180.0,0.0
3190.0,19.734375,0.0,3190.0,2326.0,0.0,0.16615341516205714,1.0,365.0,1.0,1.0,3190.0,0.0
3200.0,19.78125,0.0,3200.0,2336.0,0.0,0.1656357652224081,1.0,365.0,1.0,1.0,3200.0,0.0
3210.0,20.0625,0.0,3210.0,2346.0,0.0,0.16512133259765324,1.0,365.0,1.0,1.0,3210.0,0.0
3220.0,20.125,0.0,3220.0,2356.0,0.0,0.16461008739180658,1.0,365.0,1.0,1.0,3220.0,0.0
3230.0,20.171875,0.0,3230.0,2366.0,0.0,0.16410200007793482,1.0,365.0,1.0,1.0,3230.0,0.0
3240.0,20.21875,0.0,3240.0,2376.0,0.0,0.16359704149248536,1.0,365.0,1.0,1.0,3240.0,0.0
3250.0,20.265625,0.0,3250.0,2386.0,0.0,0.1630951828297182,1.0,365.0,1.0,1.0,3250.0,0.0
3260.0,20.3125,0.0,3260.0,2396.0,0.0,0.1625963956362401,1.0,365.0,1.0,1.0,3260.0,0.0
3270.0,20.375,0.0,3270.0,2406.0,0.0,0.16210065180563862,1.0,365.0,1.0,1.0,3270.0,0.0
3280.0,20.421875,0.0,3280.0,2416.0,0.0,0.161607923573213,1.0,365.0,1.0,1.0,3280.0,0.0
3290.0,20.46875,0.0,3290.0,2426.0,0.0,0.1611181835108019,1.0,365.0,1.0,1.0,3290.0,0.0
3300.0,20.515625,0.0,3300.0,2436.0,0.0,0.16063140452170352,1.0,365.0,1.0,1.0,3300.0,0.0
3310.0,20.546875,0.0,3310.0,2446.0,0.0,0.16014755983568787,1.0,365.0,1.0,1.0,3310.0,0.0
3320.0,20.59375,0.0,3320.0,2456.0,0.0,0.1596666230040988,1.0,365.0,1.0,1.0,3320.0,0.0
3330.0,20.640625,0.0,3330.0,2466.0,0.0,0.15918856789504374,1.0,365.0,1.0,1.0,3330.0,0.0
3340.0,20.6875,0.0,3340.0,2476.0,0.0,0.15871336868866898,1.0,365.0,1.0,1.0,3340.0,0.0
3350.0,20.71875,0.0,3350.0,2486.0,0.0,0.15824099987252024,1.0,365.0,1.0,1.0,3350.0,0.0
3360.0,20.765625,0.0,3360.0,2496.0,0.0,0.15777143623698434,1.0,365.0,1.0,1.0,3360.0,0.0
3370.0,20.828125,0.0,3370.0,2506.0,0.0,0.1573046528708129,1.0,365.0,1.0,1.0,3370.0,0.0
3380.0,20.875,0.0,3380.0,2516.0,0.0,0.15684062515672403,1.0,365.0,1.0,1.0,3380.0,0.0
3390.0,20.921875,0.0,3390.0,2526.0,0.0,0.1563793287670824,1.0,365.0,1.0,1.0,3390.0,0.0
3400.0,20.96875,0.0,3400.0,2536.0,0.0,0.15592073965965456,1.0,365.0,1.0,1.0,3400.0,0.0
3410.0,21.015625,0.0,3410.0,2546.0,0.0,0.15546483407343892,1.0,365.0,1.0,1.0,3410.0,0.0
3420.0,21.28125,0.0,3420.0,2556.0,0.0,0.15501158852456848,1.0,365.0,1.0,1.0,3420.0,0.0
3430.0,21.34375,0.0,3430.0,2566.0,0.0,0.1545609798022848,1.0,365.0,1.0,1.0,3430.0,0.0
3440.0,21.375,0.0,3440.0,2576.0,0.0,0.15411298496498227,1.0,365.0,1.0,1.0,3440.0,0.0
3450.0,21.421875,0.0,3450.0,2586.0,0.0,0.15366758133632036,1.0,365.0,1.0,1.0,3450.0,0.0
3460.0,21.46875,0.0,3460.0,2596.0,0.0,0.15322474650140314,1.0,365.0,1.0,1.0,3460.0,0.0
3470.0,21.515625,0.0,3470.0,2606.0,0.0,0.15278445830302487,1.0,365.0,1.0,1.0,3470.0,0.0
3480.0,21.5625,0.0,3480.0,2616.0,0.0,0.15234669483797963,1.0,365.0,1.0,1.0,3480.0,0.0
3490.0,21.609375,0.0,3490.0,2626.0,0.0,0.1519114344534346,1.0,365.0,1.0,1.0,3490.0,0.0
3500.0,21.65625,0.0,3500.0,2636.0,0.0,0.15147865574336467,1.0,365.0,1.0,1.0,3500.0,0.0
3510.0,21.71875,0.0,3510.0,2646.0,0.0,0.1510483375450482,1.0,365.0,1.0,1.0,3510.0,0.0
3520.0,21.765625,0.0,3520.0,2656.0,0.0,0.15062045893562198,1.0,365.0,1.0,1.0,3520.0,0.0
3530.0,21.796875,0.0,3530.0,2666.0,0.0,0.1501949992286948,1.0,365.0,1.0,1.0,3530.0,0.0
3540.0,21.84375,0.0,3540.0,2676.0,0.0,0.149771937971018,1.0,365.0,1.0,1.0,3540.0,0.0
3550.0,21.890625,0.0,3550.0,2686.0,0.0,0.14935125493921195,1.0,365.0,1.0,1.0,3550.0,0.0
3560.0,21.9375,0.0,3560.0,2696.0,0.0,0.1489329301365478,1.0,365.0,1.0,1.0,3560.0,0.0
3570.0,21.984375,0.0,3570.0,2706.0,0.0,0.14851694378978267,1.0,365.0,1.0,1.0,3570.0,0.0
3580.0,22.03125,0.0,3580.0,2716.0,0.0,0.14810327634604822,1.0,365.0,1.0,1.0,3580.0,0.0
3590.0,22.0625,0.0,3590.0,2726.0,0.0,0.14769190846979055,1.0,365.0,1.0,1.0,3590.0,0.0
3600.0,22.109375,0.0,3600.0,2736.0,0.0,0.14728282103976104,1.0,365.0,1.0,1.0,3600.0,0.0
3610.0,22.15625,0.0,3610.0,2746.0,0.0,0.14687599514605706,1.0,365.0,1.0,1.0,3610.0,0.0
3620.0,22.203125,0.0,3620.0,2756.0,0.0,0.14647141208721187,1.0,365.0,1.0,1.0,3620.0,0.0
3630.0,22.25,0.0,3630.0,2766.0,0.0,0.14606905336733167,1.0,365.0,1.0,1.0,3630.0,0.0
3640.0,22.609375,0.0,3640.0,2776.0,0.0,0.14566890069328015,1.0,365.0,1.0,1.0,3640.0,0.0
3650.0,22.65625,0.0,3650.0,2786.0,0.0,0.14527093597190952,1.0,365.0,1.0,1.0,3650.0,0.0
3660.0,22.703125,0.0,3660.0,2796.0,0.0,0.1448751413073358,1.0,365.0,1.0,1.0,3660.0,0.0
3670.0,22.75,0.0,3670.0,2806.0,0.0,0.1444814989982594,1.0,365.0,1.0,1.0,3670.0,0.0
3680.0,22.78125,0.0,3680.0,2816.0,0.0,0.14408999153532878,1.0,365.0,1.0,1.0,3680.0,0.0
3690.0,22.828125,0.0,3690.0,2826.0,0.0,0.14370060159854697,1.0,365.0,1.0,1.0,3690.0,0.0
3700.0,22.875,0.0,3700.0,2836.0,0.0,0.14331331205471975,1.0,365.0,1.0,1.0,3700.0,0.0
3710.0,22.921875,0.0,3710.0,2846.0,0.0,0.14292810595494548,1.0,365.0,1.0,1.0,3710.0,0.0
3720.0,22.96875,0.0,3720.0,2856.0,0.0,0.14254496653214466,1.0,365.0,1.0,1.0,3720.0,0.0
3730.0,23.015625,0.0,3730.0,2866.0,0.0,0.14216387719862947,1.0,365.0,1.0,1.0,3730.0,0.0
3740.0,23.0625,0.0,3740.0,2876.0,0.0,0.1417848215437121,1.0,365.0,1.0,1.0,3740.0,0.0
3750.0,23.109375,0.0,3750.0,2886.0,0.0,0.14140778333135134,1.0,365.0,1.0,1.0,3750.0,0.0
3760.0,23.140625,0.0,3760.0,2896.0,0.0,0.141032746497836,1.0,365.0,1.0,1.0,3760.0,0.0
3770.0,23.1875,0.0,3770.0,2906.0,0.0,0.14065969514950602,1.0,365.0,1.0,1.0,3770.0,0.0
3780.0,23.234375,0.0,3780.0,2916.0,0.0,0.14028861356050903,1.0,365.0,1.0,1.0,3780.0,0.0
3790.0,23.28125,0.0,3790.0,2926.0,0.0,0.13991948617059208,1.0,365.0,1.0,1.0,3790.0,0.0
3800.0,23.328125,0.0,3800.0,2936.0,0.0,0.13955229758292886,1.0,365.0,1.0,1.0,3800.0,0.0
3810.0,23.359375,0.0,3810.0,2946.0,0.0,0.1391870325619806,1.0,365.0,1.0,1.0,3810.0,0.0
3820.0,23.390625,0.0,3820.0,2956.0,0.0,0.13882367603139006,1.0,365.0,1.0,1.0,3820.0,0.0
3830.0,23.421875,0.0,3830.0,2966.0,0.0,0.13846221307190942,1.0,365.0,1.0,1.0,3830.0,0.0
3840.0,23.46875,0.0,3840.0,2976.0,0.0,0.13810262891935954,1.0,365.0,1.0,1.0,3840.0,0.0
3850.0,23.5,0.0,3850.0,2986.0,0.0,0.13774490896262118,1.0,365.0,1.0,1.0,3850.0,0.0
3860.0,23.859375,0.0,3860.0,2996.0,0.0,0.13738903874165762,1.0,365.0,1.0,1.0,3860.0,0.0
3870.0,23.90625,0.0,3870.0,3006.0,0.0,0.13703500394556742,1.0,365.0,1.0,1.0,3870.0,0.0
3880.0,23.953125,0.0,3880.0,3016.0,0.0,0.13668279041066772,1.0,365.0,1.0,1.0,3880.0,0.0
3890.0,24.0,0.0,3890.0,3026.0,0.0,0.13633238411860632,1.0,365.0,1.0,1.0,3890.0,0.0
3900.0,24.046875,0.0,3900.0,3036.0,0.0,0.1359837711945034,1.0,365.0,1.0,1.0,3900.0,0.0
3910.0,24.109375,0.0,3910.0,3046.0,0.0,0.13563693790512127,1.0,365.0,1.0,1.0,3910.0,0.0
3920.0,24.15625,0.0,3920.0,3056.0,0.0,0.13529187065706205,1.0,365.0,1.0,1.0,3920.0,0.0
3930.0,24.203125,0.0,3930.0,3066.0,0.0,0.13494855599499303,1.0,365.0,1.0,1.0,3930.0,0.0
3940.0,24.265625,0.0,3940.0,3076.0,0.0,0.1346069805998988,1.0,365.0,1.0,1.0,3940.0,0.0
3950.0,24.3125,0.0,3950.0,3086.0,0.0,0.13426713128735993,1.0,365.0,1.0,1.0,3950.0,0.0
3960.0,24.34375,0.0,3960.0,3096.0,0.0,0.1339289950058574,1.0,365.0,1.0,1.0,3960.0,0.0
3970.0,24.390625,0.0,3970.0,3106.0,0.0,0.13359255883510296,1.0,365.0,1.0,1.0,3970.0,0.0
3980.0,24.4375,0.0,3980.0,3116.0,0.0,0.13325780998439446,1.0,365.0,1.0,1.0,3980.0,0.0
3990.0,24.484375,0.0,3990.0,3126.0,0.0,0.1329247357909957,1.0,365.0,1.0,1.0,3990.0,0.0
4000.0,24.53125,0.0,4000.0,3136.0,0.0,0.1325933237185406,1.0,365.0,1.0,1.0,4000.0,0.0
4010.0,24.578125,0.0,4010.0,3146.0,0.0,0.13226356135546127,1.0,365.0,1.0,1.0,4010.0,0.0
4020.0,24.609375,0.0,4020.0,3156.0,0.0,0.1319354364134394,1.0,365.0,1.0,1.0,4020.0,0.0
4030.0,24.65625,0.0,4030.0,3166.0,0.0,0.13160893672588045,1.0,365.0,1.0,1.0,4030.0,0.0
4040.0,24.6875,0.0,4040.0,3176.0,0.0,0.13128405024641102,1.0,365.0,1.0,1.0,4040.0,0.0
4050.0,24.734375,0.0,4050.0,3186.0,0.0,0.13096076504739768,1.0,365.0,1.0,1.0,4050.0,0.0
4060.0,24.78125,0.0,4060.0,3196.0,0.0,0.130639069318488,1.0,365.0,1.0,1.0,4060.0,0.0
4070.0,24.828125,0.0,4070.0,3206.0,0.0,0.13031895136517319,1.0,365.0,1.0,1.0,4070.0,0.0
4080.0,25.21875,0.0,4080.0,3216.0,0.0,0.13000039960737167,1.0,365.0,1.0,1.0,4080.0,0.0
4090.0,25.265625,0.0,4090.0,3226.0,0.0,0.12968340257803299,1.0,365.0,1.0,1.0,4090.0,0.0
4100.0,25.296875,0.0,4100.0,3236.0,0.0,0.1293679489217628,1.0,365.0,1.0,1.0,4100.0,0.0
4110.0,25.359375,0.0,4110.0,3246.0,0.0,0.12905402739346747,1.0,365.0,1.0,1.0,4110.0,0.0
4120.0,25.390625,0.0,4120.0,3256.0,0.0,0.1287416268570183,1.0,365.0,1.0,1.0,4120.0,0.0
4130.0,25.4375,0.0,4130.0,3266.0,0.0,0.12843073628393525,1.0,365.0,1.0,1.0,4130.0,0.0
4140.0,25.484375,0.0,4140.0,3276.0,0.0,0.12812134475208975,1.0,365.0,1.0,1.0,4140.0,0.0
4150.0,25.53125,0.0,4150.0,3286.0,0.0,0.12781344144442625,1.0,365.0,1.0,1.0,4150.0,0.0
4160.0,25.5625,0.0,4160.0,3296.0,0.0,0.12750701564770156,1.0,365.0,1.0,1.0,4160.0,0.0
4170.0,25.609375,0.0,4170.0,3306.0,0.0,0.12720205675124338,1.0,365.0,1.0,1.0,4170.0,0.0
4180.0,25.65625,0.0,4180.0,3316.0,0.0,0.12689855424572566,1.0,365.0,1.0,1.0,4180.0,0.0
4190.0,25.703125,0.0,4190.0,3326.0,0.0,0.12659649772196185,1.0,365.0,1.0,1.0,4190.0,0.0
4200.0,25.75,0.0,4200.0,3336.0,0.0,0.12629587686971527,1.0,365.0,1.0,1.0,4200.0,0.0
4210.0,25.8125,0.0,4210.0,3346.0,0.0,0.12599668147652643,1.0,365.0,1.0,1.0,4210.0,0.0
4220.0,25.859375,0.0,4220.0,3356.0,0.0,0.12569890142655687,1.0,365.0,1.0,1.0,4220.0,0.0
4230.0,25.90625,0.0,4230.0,3366.0,0.0,0.12540252669944973,1.0,365.0,1.0,1.0,4230.0,0.0
4240.0,25.953125,0.0,4240.0,3376.0,0.0,0.12510754736920573,1.0,365.0,1.0,1.0,4240.0,0.0
4250.0,26.0,0.0,4250.0,3386.0,0.0,0.12481395360307558,1.0,365.0,1.0,1.0,4250.0,0.0
4260.0,26.046875,0.0,4260.0,3396.0,0.0,0.12452173566046788,1.0,365.0,1.0,1.0,4260.0,0.0
4270.0,26.09375,0.0,4270.0,3406.0,0.0,0.12423088389187191,1.0,365.0,1.0,1.0,4270.0,0.0
4280.0,26.140625,0.0,4280.0,3416.0,0.0,0.12394138873779594,1.0,365.0,1.0,1.0,4280.0,0.0
4290.0,26.1875,0.0,4290.0,3426.0,0.0,0.12365324072772008,1.0,365.0,1.0,1.0,4290.0,0.0
4300.0,26.609375,0.0,4300.0,3436.0,0.0,0.12336643047906398,1.0,365.0,1.0,1.0,4300.0,0.0
4310.0,26.65625,0.0,4310.0,3446.0,0.0,0.12308094869616852,1.0,365.0,1.0,1.0,4310.0,0.0
4320.0,26.6875,0.0,4320.0,3456.0,0.0,0.1227967861692919,1.0,365.0,1.0,1.0,4320.0,0.0
4330.0,26.734375,0.0,4330.0,3466.0,0.0,0.1225139337736194,1.0,365.0,1.0,1.0,4330.0,0.0
4340.0,26.78125,0.0,4340.0,3476.0,0.0,0.12223238246828702,1.0,365.0,1.0,1.0,4340.0,0.0
4350.0,26.828125,0.0,4350.0,3486.0,0.0,0.12195212329541825,1.0,365.0,1.0,1.0,4350.0,0.0
4360.0,26.875,0.0,4360.0,3496.0,0.0,0.12167314737917442,1.0,365.0,1.0,1.0,4360.0,0.0
4370.0,26.921875,0.0,4370.0,3506.0,0.0,0.12139544592481794,1.0,365.0,1.0,1.0,4370.0,0.0
4380.0,26.953125,0.0,4380.0,3516.0,0.0,0.12111901021778791,1.0,365.0,1.0,1.0,4380.0,0.0
4390.0,26.984375,0.0,4390.0,3526.0,0.0,0.12084383162278918,1.0,365.0,1.0,1.0,4390.0,0.0
4400.0,27.03125,0.0,4400.0,3536.0,0.0,0.12056990158289295,1.0,365.0,1.0,1.0,4400.0,0.0
4410.0,27.078125,0.0,4410.0,3546.0,0.0,0.12029721161865031,1.0,365.0,1.0,1.0,4410.0,0.0
4420.0,27.125,0.0,4420.0,3556.0,0.0,0.12002575332721716,1.0,365.0,1.0,1.0,4420.0,0.0
4430.0,27.171875,0.0,4430.0,3566.0,0.0,0.11975551838149143,1.0,365.0,1.0,1.0,4430.0,0.0
4440.0,27.203125,0.0,4440.0,3576.0,0.0,0.11948649852926162,1.0,365.0,1.0,1.0,4440.0,0.0
4450.0,27.234375,0.0,4450.0,3586.0,0.0,0.11921868559236692,1.0,365.0,1.0,1.0,4450.0,0.0
4460.0,27.28125,0.0,4460.0,3596.0,0.0,0.11895207146586878,1.0,365.0,1.0,1.0,4460.0,0.0
4470.0,27.328125,0.0,4470.0,3606.0,0.0,0.1186866481172332,1.0,365.0,1.0,1.0,4470.0,0.0
4480.0,27.375,0.0,4480.0,3616.0,0.0,0.11842240758552425,1.0,365.0,1.0,1.0,4480.0,0.0
4490.0,27.421875,0.0,4490.0,3626.0,0.0,0.11815934198060814,1.0,365.0,1.0,1.0,4490.0,0.0
4500.0,27.46875,0.0,4500.0,3636.0,0.0,0.11789744348236816,1.0,365.0,1.0,1.0,4500.0,0.0
4510.0,27.515625,0.0,4510.0,3646.0,0.0,0.11763670433992969,1.0,365.0,1.0,1.0,4510.0,0.0
4520.0,27.546875,0.0,4520.0,3656.0,0.0,0.11737711687089579,1.0,365.0,1.0,1.0,4520.0,0.0
4530.0,27.9375,0.0,4530.0,3666.0,0.0,0.11711867346059258,1.0,365.0,1.0,1.0,4530.0,0.0
4540.0,27.984375,0.0,4540.0,3676.0,0.0,0.1168613665613249,1.0,365.0,1.0,1.0,4540.0,0.0
4550.0,28.03125,0.0,4550.0,3686.0,0.0,0.11660518869164149,1.0,365.0,1.0,1.0,4550.0,0.0
4560.0,28.0625,0.0,4560.0,3696.0,0.0,0.11635013243561013,1.0,365.0,1.0,1.0,4560.0,0.0
4570.0,28.109375,0.0,4570.0,3706.0,0.0,0.11609619044210195,1.0,365.0,1.0,1.0,4570.0,0.0
4580.0,28.15625,0.0,4580.0,3716.0,0.0,0.11584335542408508,1.0,365.0,1.0,1.0,4580.0,0.0
4590.0,28.203125,0.0,4590.0,3726.0,0.0,0.11559162015792804,1.0,365.0,1.0,1.0,4590.0,0.0
4600.0,28.25,0.0,4600.0,3736.0,0.0,0.11534097748271148,1.0,365.0,1.0,1.0,4600.0,0.0
4610.0,28.296875,0.0,4610.0,3746.0,0.0,0.11509142029954944,1.0,365.0,1.0,1.0,4610.0,0.0
4620.0,28.34375,0.0,4620.0,3756.0,0.0,0.11484294157091904,1.0,365.0,1.0,1.0,4620.0,0.0
4630.0,28.375,0.0,4630.0,3766.0,0.0,0.11459553431999896,1.0,365.0,1.0,1.0,4630.0,0.0
4640.0,28.421875,0.0,4640.0,3776.0,0.0,0.1143491916300166,1.0,365.0,1.0,1.0,4640.0,0.0
4650.0,28.46875,0.0,4650.0,3786.0,0.0,0.1141039066436034,1.0,365.0,1.0,1.0,4650.0,0.0
4660.0,28.515625,0.0,4660.0,3796.0,0.0,0.11385967256215863,1.0,365.0,1.0,1.0,4660.0,0.0
4670.0,28.5625,0.0,4670.0,3806.0,0.0,0.11361648264522124,1.0,365.0,1.0,1.0,4670.0,0.0
4680.0,28.609375,0.0,4680.0,3816.0,0.0,0.11337433020984972,1.0,365.0,1.0,1.0,4680.0,0.0
4690.0,28.640625,0.0,4690.0,3826.0,0.0,0.11313320863001003,1.0,365.0,1.0,1.0,4690.0,0.0
4700.0,28.6875,0.0,4700.0,3836.0,0.0,0.11289311133597119,1.0,365.0,1.0,1.0,4700.0,0.0
4710.0,28.734375,0.0,4710.0,3846.0,0.0,0.11265403181370856,1.0,365.0,1.0,1.0,4710.0,0.0
4720.0,28.78125,0.0,4720.0,3856.0,0.0,0.11241596360431484,1.0,365.0,1.0,1.0,4720.0,0.0
4730.0,28.8125,0.0,4730.0,3866.0,0.0,0.11217890030341829,1.0,365.0,1.0,1.0,4730.0,0.0
4740.0,28.859375,0.0,4740.0,3876.0,0.0,0.11194283556060848,1.0,365.0,1.0,1.0,4740.0,0.0
4750.0,28.890625,0.0,4750.0,3886.0,0.0,0.11170776307886927,1.0,365.0,1.0,1.0,4750.0,0.0
4760.0,29.25,0.0,4760.0,3896.0,0.0,0.11147367661401882,1.0,365.0,1.0,1.0,4760.0,0.0
4770.0,29.296875,0.0,4770.0,3906.0,0.0,0.11124056997415671,1.0,365.0,1.0,1.0,4770.0,0.0
4780.0,29.34375,0.0,4780.0,3916.0,0.0,0.11100843701911799,1.0,365.0,1.0,1.0,4780.0,0.0
4790.0,29.390625,0.0,4790.0,3926.0,0.0,0.11077727165993394,1.0,365.0,1.0,1.0,4790.0,0.0
4800.0,29.4375,0.0,4800.0,3936.0,0.0,0.11054706785829987,1.0,365.0,1.0,1.0,4800.0,0.0
4810.0,29.484375,0.0,4810.0,3946.0,0.0,0.11031781962604903,1.0,365.0,1.0,1.0,4810.0,0.0
4820.0,29.53125,0.0,4820.0,3956.0,0.0,0.11008952102463361,1.0,365.0,1.0,1.0,4820.0,0.0
4830.0,29.578125,0.0,4830.0,3966.0,0.0,0.10986216616461175,1.0,365.0,1.0,1.0,4830.0,0.0
4840.0,29.625,0.0,4840.0,3976.0,0.0,0.10963574920514119,1.0,365.0,1.0,1.0,4840.0,0.0
4850.0,29.671875,0.0,4850.0,3986.0,0.0,0.10941026435347904,1.0,365.0,1.0,1.0,4850.0,0.0
4860.0,29.71875,0.0,4860.0,3996.0,0.0,0.10918570586448757,1.0,365.0,1.0,1.0,4860.0,0.0
4870.0,29.75,0.0,4870.0,4006.0,0.0,0.1089620680401465,1.0,365.0,1.0,1.0,4870.0,0.0
4880.0,29.8125,0.0,4880.0,4016.0,0.0,0.10873934522907072,1.0,365.0,1.0,1.0,4880.0,0.0
4890.0,29.84375,0.0,4890.0,4026.0,0.0,0.10851753182603445,1.0,365.0,1.0,1.0,4890.0,0.0
4900.0,29.890625,0.0,4900.0,4036.0,0.0,0.10829662227150084,1.0,365.0,1.0,1.0,4900.0,0.0
4910.0,29.9375,0.0,4910.0,4046.0,0.0,0.10807661105115755,1.0,365.0,1.0,1.0,4910.0,0.0
4920.0,29.984375,0.0,4920.0,4056.0,0.0,0.10785749269545766,1.0,365.0,1.0,1.0,4920.0,0.0
4930.0,30.03125,0.0,4930.0,4066.0,0.0,0.1076392617791666,1.0,365.0,1.0,1.0,4930.0,0.0
4940.0,30.0625,0.0,4940.0,4076.0,0.0,0.10742191292091426,1.0,365.0,1.0,1.0,4940.0,0.0
4950.0,30.109375,0.0,4950.0,4086.0,0.0,0.1072054407827526,1.0,365.0,1.0,1.0,4950.0,0.0
4960.0,30.15625,0.0,4960.0,4096.0,0.0,0.10698984006971869,1.0,365.0,1.0,1.0,4960.0,0.0
4970.0,30.203125,0.0,4970.0,4106.0,0.0,0.10677510552940264,1.0,365.0,1.0,1.0,4970.0,0.0
4980.0,30.25,0.0,4980.0,4116.0,0.0,0.10656123195152145,1.0,365.0,1.0,1.0,4980.0,0.0
4990.0,30.765625,0.0,4990.0,4126.0,0.0,0.10634821416749728,1.0,365.0,1.0,1.0,4990.0,0.0
5000.0,30.8125,0.0,5000.0,4136.0,0.0,0.10613604705004114,1.0,365.0,1.0,1.0,5000.0,0.0